 -1.0
  0.16463713160588D+01 -0.10933248999524D+01  0.39861460227122D+01 -0.19971326860578D-03 -0.14164320270857D-04 -0.38305906702445D-03
  0.26118304703595D+01 -0.30269767734899D+01  0.34186570915317D+01  0.18427110365490D-03  0.43164994840632D-04  0.52617746365183D-03
  0.19109161360153D+00  0.91477493950688D+00  0.39168515113341D+01 -0.18018586516471D-03 -0.13846226369951D-03 -0.24976566033016D-03
 -0.50361716677891D+01  0.41708492511837D+01  0.16784040418588D+00 -0.91758477471237D-04  0.27739849630078D-03  0.54820621682771D-03
  0.30300615174819D+01 -0.14869337761343D+01 -0.33642354977923D+01  0.34146002252530D-03  0.22477401073190D-03 -0.28855252287396D-03
 -0.16168193814183D+01  0.67478998985556D+00  0.45546295295947D+01  0.37524032089765D-03 -0.60047217024797D-04 -0.14726170149442D-03
  0.10227784720969D+01  0.28007399454203D+01  0.41444927525757D+01 -0.41294377512793D-03  0.72961292413549D-03  0.17276420552500D-03
  0.36503243202859D+01  0.41500575217784D+00 -0.44528967413905D+01  0.72256063947717D-04 -0.85934994913162D-04  0.15380129176219D-03
  0.28140957115023D+01 -0.17835586592426D+01 -0.11570811512502D+01  0.66541345481384D-04 -0.39558509747619D-03 -0.11903824982643D-02
  0.27609757796746D+01 -0.32566950007255D+01 -0.46388458301226D+01 -0.16512224322018D-02 -0.71638455984251D-03 -0.53170126617394D-03
 -0.40664963810809D+01  0.42915124615952D+01  0.18030912388914D+01 -0.80498769416818D-04  0.11235190469677D-03  0.17809551031975D-03
 -0.24107440333308D+01  0.48683287501801D+01  0.12885754516939D+01  0.53681472403800D-03 -0.82491027993161D-03 -0.18263058376279D-03
