$coord
           2.127587851           1.229263004           4.675705694     C 
           1.665598800           3.302034000           5.281235201     O 
           3.058316142          -0.776764968           3.526789528     C 
          -5.577976223          -0.016096512          -3.749055301     H 
           2.789921098          -0.612021097          -3.321758314     C 
           2.149377954          -2.506808721           3.650603442     H 
           4.866314191          -0.851222076           2.315527165     H 
           4.110725113          -0.807938058          -1.519384719     O 
           0.790867675          -1.479892424          -3.392085230     H 
           3.405725299           0.373487461          -4.951203171     H 
          -5.092515012          -0.038688497          -1.925165286     O 
          -4.918648935           1.779025993          -1.504081009     H 
$end
