$coord
           0.338755286          -3.778528719           3.431025659     C 
           1.958840736          -5.015693992           2.508528061     O 
          -1.445029082          -2.372316017           4.522413471     C 
          -0.421576361           3.606601836          -5.355693188     H 
           2.602930025           2.768028825          -0.529859569     C 
          -3.406672479          -2.636369814           4.141161246     H 
          -0.889909040          -1.013920554           6.005423290     H 
           4.140333063           3.733559463           0.766269155     O 
           1.611886848           0.840242131           0.017195942     H 
           2.174951137           3.423411026          -2.558105102     H 
          -1.298214783           4.615652309          -4.146089606     O 
          -2.154359097           3.373180139          -3.119022695     H 
$end
