$coord
          -0.614992550           1.378689374          -0.514009219     C 
          -2.211847742           2.673765158           0.595535194     O 
           2.276945364           2.161128677           0.075831635     C 
          -0.775121595          -0.056290285          -2.085478432     H 
           2.355651289           0.901990557           2.730800923     C 
           2.445555129           4.188854445          -0.111618459     H 
           3.566617620           1.174019630          -1.214126124     H 
           1.923843495          -1.763833439           2.241479920     O 
           0.449723588           1.703312505           3.555410956     H 
           3.572577835           1.377777918           4.160507772     H 
           3.047893392          -2.824359961           0.026894142     O 
           1.884191407          -2.524875830          -1.314032209     H 
$end
