$coord
           0.972540775           2.625620318          -0.234879141     C 
          -1.274283712           2.858105679          -0.353896363     O 
           2.370260986           1.694286704           2.071383653     C 
           2.021779946           2.995928840          -1.841512804     H 
           3.699306745          -0.785247250           1.865662932     C 
           1.080810702           1.662333052           3.592618607     H 
           3.589236173           3.289889866           2.071713620     H 
           1.806189421          -2.537290508           1.642830389     O 
           4.693089574          -1.433911856           3.670279270     H 
           5.006583032          -0.862466629           0.252839647     H 
          -0.153509922          -1.797458978          -0.119496128     O 
          -1.207363728          -0.729495958           1.011302173     H 
$end
