$coord
           0.508929003          -0.751549526           0.648239209     C 
          -1.522810926          -0.282172439           1.305607249     O 
           2.922734588          -0.833804192           0.322549602     C 
           2.858014441          -4.758622596           0.685187299     H 
           0.334758981           5.120818157           2.563618383     C 
           4.244487444           0.274116904           1.348537805     H 
           4.033681862          -1.502924981          -1.327374030     H 
           1.310361319           5.789794638           0.577194091     O 
           1.384258802           4.080998364           4.194418757     H 
          -1.598673752           5.448661775           3.102333292     H 
           2.647672818          -5.719397955          -0.906759824     O 
           0.923334730          -6.067673042          -1.427943827     H 
$end
