$coord
           0.745137870           3.954183704          -0.255884783     C 
          -0.490089141           5.864090007           0.375756603     O 
           1.074194700           1.638760920           1.599138180     C 
           1.345148107           3.872878968          -2.208734772     H 
           2.230906549          -0.613891501           0.492498265     C 
          -0.602203610           0.990669570           2.576329406     H 
           2.316460761           2.304615942           3.129287786     H 
           2.632871971          -2.869787379           1.988710442     O 
           3.771290271          -0.065270904          -0.661525619     H 
           0.825533381          -1.084618053          -0.988443015     H 
           1.461543858          -5.035797631           0.901005187     O 
          -0.306929631          -5.252190365           1.354137929     H 
$end
