$coord
           0.329373664           2.807376451           2.082103901     C 
          -1.295796597           3.528319710           0.669575069     O 
           2.933792374           2.247562831           0.896416772     C 
           0.168241161           2.288304711           4.056806644     H 
           2.745663430          -0.234319117          -0.509001373     C 
           4.310673875           2.247829056           2.556060065     H 
           3.247872647           3.830033262          -0.539364585     H 
           2.369249719          -2.095550706           1.413569450     O 
           4.441236337          -0.686226971          -1.756147110     H 
           1.030517016          -0.048116927          -1.863824823     H 
           0.438443854          -3.852748729           0.764580988     O 
          -1.071928657          -2.888721506           0.177647030     H 
$end
