$coord
           4.663774144           0.238096859           1.737739673     C 
           5.741639394           1.029718435           0.014485104     O 
           3.368565614          -1.014215073           3.420023445     C 
          -0.095049393          -4.826955882          -3.832288781     H 
          -0.970559911           4.579002032           2.109398977     C 
           2.293093176           0.134763963           4.853663501     H 
           3.838223649          -3.008855460           4.024793578     H 
          -2.762777689           3.212575750           2.228022390     O 
          -0.860931126           6.375825230           0.918670377     H 
           0.808027146           4.076011878           2.892217673     H 
          -1.925851248          -4.716349551          -3.985294755     O 
          -2.926054888          -5.347628392          -2.611266195     H 
$end
