$coord
          -0.922186641           3.662462499           1.077328752     C 
          -0.129052017           4.145684722           3.184674466     O 
           0.236809261           1.788065710          -0.827734424     C 
          -2.394871470           4.872732950           0.086149275     H 
           1.187991678          -0.896690320          -0.249751533     C 
           1.532837201           2.949645785          -1.978462778     H 
          -1.309787646           1.217464858          -2.052694315     H 
           3.008126018          -1.577748331           1.593636505     O 
           1.952437424          -1.708201423          -1.994661791     H 
          -0.659350922          -1.768926082           0.221207488     H 
           3.577637907          -4.156709536           0.981380299     O 
           4.937765848          -4.454965292          -0.205781722     H 
$end
