$coord
          -0.443474277          -4.038311481           3.103961971     C 
          -1.713485480          -5.136917226           1.525634663     O 
           0.351625985          -2.778438141           5.045607813     C 
          -0.606349515           4.233779011          -4.906794804     H 
           2.888697372           2.735484006           0.294832601     C 
          -0.673877055          -1.234178126           6.004445764     H 
           2.388343509          -2.867873332           5.289137945     H 
           3.082190201           4.932958101           0.841020920     O 
           3.326780636           2.079149716          -1.548929915     H 
           1.717908358           1.458740297           1.673670872     H 
           1.120193031           4.013797645          -4.539269730     O 
           1.277939061           5.500430766          -3.426688698     H 
$end
