$coord
           0.501417489          -2.821556970           3.947864138     C 
          -0.643509094          -2.555448554           5.830311506     O 
           1.633289638          -2.856231099           1.768075522     C 
          -0.759442033           4.441617733          -4.810162104     H 
           2.335376994           3.009848529          -0.329482292     C 
           3.547614318          -2.231890754           1.708022713     H 
           0.901594975          -3.485768396          -0.047039477     H 
           1.317852789           2.521101274           1.665244549     O 
           2.912877502           4.998051650          -1.044565815     H 
           2.826383976           1.565904056          -1.700129605     H 
           0.173313698           3.151820571          -5.666411144     O 
           1.193868755           2.083049077          -4.713507824     H 
$end
