$coord
          -0.720345451           4.123433069           0.406560931     C 
          -2.872678428           3.486251860           0.097270095     O 
           1.373102497           2.140441095           1.351098642     C 
           0.047494146           6.023881775           0.684960609     H 
           1.062730470          -0.676590499           1.299883904     C 
           1.758758640           2.730945584           3.315820543     H 
           3.111075099           2.439312272           0.413732977     H 
           3.631252218          -1.687351641           1.270334637     O 
           0.036990345          -1.241002304          -0.499241689     H 
          -0.155848888          -1.632309971           2.756648901     H 
           4.090069016          -4.231784938           0.262424886     O 
           3.507534106          -5.248355727           1.621474374     H 
$end
