$coord
           0.986971162           2.974340738           2.104049982     C 
           2.443844146           4.040829871           0.669632432     O 
          -0.764765554           0.790319690           1.692301500     C 
           0.737415047           3.770742332           4.081192999     H 
          -0.260249533          -0.936626659          -0.668441589     C 
          -2.742105588           1.952100298           1.371398211     H 
          -0.678001295          -0.349523933           3.361286918     H 
           1.322397433          -2.869716222           0.492108511     O 
           0.794702160          -0.350525227          -2.353894365     H 
          -2.076199220          -1.594349357          -1.375362062     H 
           3.807364668          -1.902432158           0.883242243     O 
           4.086377500          -0.236550018           0.093440111     H 
$end
