$coord
           2.887301571          -0.722405374           0.778254435     C 
           1.413827156          -0.018187283           2.207653016     O 
           4.428555217          -1.827740322          -0.827566715     C 
           1.147843077          -6.010191622           1.623411306     H 
          -1.966818577           5.484220740           1.317997390     C 
           6.219513535          -1.121487192          -1.121862505     H 
           3.664950152          -2.697018440          -2.428391617     H 
           0.186093682           6.404026352           1.348734109     O 
          -2.764484964           4.922836058           3.150768075     H 
          -3.334261442           5.369825033          -0.190478053     H 
           0.550210630          -5.939211651          -0.193924294     O 
          -1.146956266          -5.472305819          -0.293045788     H 
$end
