$coord
           2.496600897          -1.941647421           1.849506415     C 
           3.927388944          -2.176078093           3.485086234     O 
           0.417791882          -1.205317460           0.602317634     C 
           5.411577425          -2.972671983          -1.866259130     H 
          -3.772072766           4.213943742           2.312257122     C 
          -0.767561076          -2.091443481          -0.840003147     H 
           0.383803624           0.845494075           0.513945908     H 
          -2.796116648           5.574760530           0.785146927     O 
          -5.462649422           2.988012203           2.132877746     H 
          -2.922259515           4.135165745           4.393569551     H 
           5.229932471          -2.150733353          -3.497844739     O 
           3.533442919          -2.625856876          -4.190545693     H 
$end
