$coord
          -0.709944234           1.610162523           0.144323550     C 
          -0.740456031           2.464035999          -2.030425608     O 
           0.817993904           2.911171592           1.941943191     C 
          -1.608159768          -0.673605061           0.587259823     H 
           3.070564898           0.883152311           1.683826095     C 
           0.306800386           3.074233991           3.887546845     H 
           1.037780847           4.677582271           0.903138718     H 
           2.471835721          -1.602215223           2.642497965     O 
           4.871982012           1.388416787           2.428032067     H 
           3.401953599           0.579016719          -0.327079241     H 
           2.016428066          -3.358277938           0.475767807     O 
           0.151822951          -4.132815490           0.672902483     H 
$end
