$coord
           1.310100932           0.539113186          -2.287817953     C 
           2.349432968           1.171349886          -4.118307418     O 
           0.246582902          -0.121668499          -0.193500749     C 
           4.489362757          -2.873250401           0.982112782     H 
          -2.237085336           2.241691971           4.958191683     C 
          -0.683814079          -1.877956919           0.398164966     H 
           1.170777515           0.961556153           1.094582638     H 
          -0.659061385           3.785845057           5.359136143     O 
          -4.000533824           2.440657616           3.910006802     H 
          -2.142371997           0.248548384           5.448903515     H 
           4.321607941          -4.341758786          -0.079194409     O 
           4.886840864          -3.846626140          -1.783743504     H 
$end
