$coord
           2.899194125          -1.145312291           1.082596422     C 
           1.830491984           0.781547853           1.291688556     O 
           3.696515844          -3.416163916           1.262838403     C 
          -1.484130259          -5.611187880          -1.576356208     H 
           0.523195192           5.711416246           1.420222798     C 
           4.591116601          -4.674187251          -0.050981032     H 
           2.743637179          -4.637258320           2.673714153     H 
          -1.551883826           6.022816902           2.255683506     O 
           1.067214124           6.197147802          -0.482838944     H 
           1.951019494           4.685085754           2.633662812     H 
          -0.119976499          -4.649596679          -2.232629865     O 
           0.423514582          -3.764018461          -0.834360282     H 
$end
