$coord
           1.545616250          -2.550577976           3.511947680     C 
           2.622500480          -3.738094309           1.953669347     O 
           0.091189124          -1.643917617           5.306867488     C 
          -2.129230389           6.039450447          -1.612448955     H 
           2.478395573           0.795992729          -0.770395983     C 
          -1.951645060          -1.812540606           4.731124420     H 
           0.665453027          -0.350089547           6.608707045     H 
           0.168132373           0.868064697          -1.024697519     O 
           3.809493545           1.504610087           0.673067516     H 
           3.857483672          -0.057932063          -2.162062265     H 
          -0.711950875           5.704448274          -2.822975761     O 
          -1.112909153           4.571561551          -4.115068068     H 
$end
