$coord
          -0.594629214           3.871375733           0.596571968     C 
          -1.969597233           4.753519350           2.228782416     O 
          -0.481211131           1.007883754           0.236410201     C 
           0.471666384           5.259479743          -0.487157747     H 
           1.654309333          -1.116419523          -0.122507757     C 
          -1.557305313           0.679325240          -1.594969522     H 
          -1.754802891           0.227347458           1.709833380     H 
           3.484047978          -1.817047677           1.816734005     O 
           2.692735239          -0.708126725          -1.985903800     H 
           0.446692367          -2.855521735          -0.406164701     H 
           5.022743874          -3.619667591           0.693868620     O 
           4.040107445          -5.178514117           0.745330358     H 
$end
