$coord
           0.295868531           3.764272382           1.331887877     C 
          -0.919216017           4.466317684          -0.533196605     O 
           0.437362471           1.010821562           1.878510952     C 
           1.461036283           5.158808988           2.617261644     H 
           2.021460655          -0.119720678          -0.249295548     C 
          -1.341460293           0.080787354           1.818052216     H 
           1.282450737           0.515559746           3.722920004     H 
           1.680113196          -2.772239470           0.163179339     O 
           4.052458179           0.297931588          -0.222783529     H 
           1.188431940           0.232883278          -2.187087963     H 
           3.377346099          -3.855862728           2.047203414     O 
           3.960088687          -2.515513277           3.243245785     H 
$end
