$coord
           1.908130736          -0.552750481           5.416514710     C 
           4.061182920           0.063304545           5.381730619     O 
          -0.511429010          -0.998367711           4.892552411     C 
          -4.677434777           3.020370936          -0.960206276     H 
           2.460674469          -0.930280861          -2.995733192     C 
          -1.564630688           0.879306093           4.433170321     H 
          -0.983179522          -2.854362020           5.434760848     H 
           3.896076906           0.165922315          -4.400054672     O 
           3.216827676          -2.748210787          -2.232133848     H 
           0.963536682           0.205436382          -1.942889751     H 
          -3.281494757           3.226779378          -2.150961239     O 
          -3.319254286           5.048352723          -2.090807037     H 
$end
