$coord
           0.238801248           2.604419328           0.191630683     C 
           0.511427945           3.948742869           2.005967018     O 
          -0.985714371           0.000778666           0.498855258     C 
           1.103326280           3.212658989          -1.763186662     H 
           0.853205312          -1.455098248           2.415399984     C 
          -0.879152838          -1.121865793          -1.189682032     H 
          -2.903457939          -0.039295029           1.249064262     H 
           3.395157946          -1.426843347           1.470594059     O 
           0.166215579          -3.464744792           2.311214482     H 
           0.594356358          -0.385766575           4.387154586     H 
           3.349084934          -1.339096544          -1.231745031     O 
           2.760641465           0.369160698          -1.384313687     H 
$end
