$coord
          -0.927745109           2.851528482          -0.206658735     C 
          -0.770643079           1.490072581          -2.120529615     O 
           0.054001901           1.573430427           2.103750328     C 
          -1.146929818           5.077895891          -0.310456172     H 
           2.788768799           1.029643248           1.170012323     C 
          -1.032132910          -0.257841313           2.445491843     H 
           0.313766611           2.651026548           3.934987028     H 
           3.467007192          -1.164035125           2.426239773     O 
           4.158599361           2.610362508           1.743072274     H 
           2.794051675           0.784051303          -0.791454872     H 
           2.232376045          -3.296206781           1.475819392     O 
           1.291394366          -2.577680410          -0.056416388     H 
$end
