$coord
           2.566906342          -3.343192878           1.608808510     C 
           1.613451544          -3.279399319           3.626774491     O 
           3.393426574          -3.730939780          -0.659624999     C 
           0.674514785           0.386534806          -5.293648657     H 
          -2.228081500           4.595889446           2.373603810     C 
           3.808686704          -2.208800018          -1.776250091     H 
           3.158335545          -5.657328373          -1.371822941     H 
          -0.443261120           5.452510612           3.436893124     O 
          -2.623925973           5.008193504           0.447917285     H 
          -3.912710690           3.573866837           3.290093405     H 
           1.760390288           1.073719175          -4.162355103     O 
           2.321587539           2.924864703          -4.229874914     H 
$end
