$coord
           2.793097117          -3.854310061           1.629485726     C 
           4.568658320          -2.666222583           1.289402448     O 
           0.983112654          -5.511531467           2.085637897     C 
           1.248645016           3.453304356           1.888126732     H 
          -2.644568061           3.840665547          -2.138820339     C 
          -0.045280644          -6.445684838           0.699058527     H 
          -0.008730215          -5.166928459           3.841543934     H 
          -0.395244560           3.581715640          -1.843092549     O 
          -3.783229369           2.874645712          -3.720546338     H 
          -3.779464699           4.719128296          -0.635416219     H 
           1.812442331           4.755501511           3.039014157     O 
           3.575844748           4.826018589           2.699484639     H 
$end
