$coord
           1.999442717           3.027075799           3.637170422     C 
           0.068870893           4.048323640           4.207416602     O 
           3.393858489           1.317908268           2.666389260     C 
          -3.819675653           4.186608192           0.218432831     H 
           1.769633279          -4.003632800          -2.494572260     C 
           3.191418493           1.413911895           0.244293247     H 
           5.089921031           0.526950249           3.357511304     H 
           3.567729365          -5.097003727          -1.683874647     O 
           1.078200199          -2.142712229          -2.565839356     H 
           0.252884749          -5.336434011          -3.019343846     H 
          -2.701883357           2.820956327          -0.519129586     O 
          -1.873684635           2.189436865           0.932913212     H 
$end
