$coord
          -0.370332257           2.301675283          -0.628845455     C 
          -2.188782152           3.520859227          -1.022023478     O 
           1.510693261           3.006270376           1.409789337     C 
           0.264735125           0.450824277          -1.493775426     H 
           2.965261869           0.549705328           1.935839814     C 
           0.760535641           4.224897843           2.982200710     H 
           2.676696786           4.400925581           0.202272258     H 
           1.487500880          -2.072536722           2.135387026     O 
           3.655543143           0.470256534           3.877604466     H 
           4.399575643          -0.017092860           0.450571174     H 
           2.881537692          -4.081834664           0.777292983     O 
           2.979925955          -5.648057374           1.790931225     H 
$end
