$coord
           4.273858713          -2.858674177           2.559145970     C 
           5.508043277          -1.332695408           3.482608227     O 
           3.596313821          -4.889022788           1.449211008     C 
          -1.942286368           0.990119762          -0.808214088     H 
          -1.996454547           5.369562159          -0.593698998     C 
           4.346149285          -5.134309492          -0.401534992     H 
           1.956519720          -5.947327840           1.402621528     H 
          -2.495888288           4.260403740          -2.591851896     O 
          -3.141337289           5.325279385           1.170473778     H 
           0.123812794           6.069717066          -0.432974753     H 
          -0.814435893           0.592045114           0.502502529     O 
          -1.726484455           0.990689023           1.927509836     H 
$end
