$coord
           0.880124672           2.649088462           0.502227658     C 
          -0.255904409           4.107599080           1.846636887     O 
          -0.472387323          -0.015621340          -0.115622561     C 
           3.017202005           3.151207293           0.140422961     H 
           1.276121238          -2.019661176          -1.138906093     C 
          -2.208532023           0.103617494          -1.339008113     H 
          -1.256554207          -0.961914663           1.650496726     H 
           3.142601287          -1.917832595           0.759238867     O 
           2.222800093          -1.526960161          -3.064783857     H 
           0.704193644          -3.896103325          -1.400491285     H 
           2.486041898           0.106526037           2.898039944     O 
           0.644219034          -0.161339675           3.354899998     H 
$end
