$coord
          -0.606117113           4.209926726          -0.513015310     C 
          -2.618313616           4.700398706           0.415581012     O 
           0.876583644           1.651340405          -0.685250601     C 
           0.400072262           5.737246388          -2.077916715     H 
           1.433341724          -0.915604240           1.166116257     C 
           2.702787064           1.780683844          -1.581110602     H 
          -0.616139495           1.043552147          -1.981638507     H 
           3.925264105          -1.822986769           1.776964745     O 
           0.776680318          -2.163673127          -0.432984909     H 
           0.274635777          -1.026851273           3.013320286     H 
           3.670818103          -4.271478903           2.894965198     O 
           2.926358129          -5.377834436           1.629087066     H 
$end
