$coord
           2.477397988          -2.128381649           2.027850493     C 
           3.234984771          -4.052576788           1.350092945     O 
           1.155403879          -0.062832065           2.784029905     C 
           5.951540504           1.034195208          -2.130004630     H 
          -3.918671395           3.347421457          -1.113571792     C 
           0.310848591           0.197043597           4.669654564     H 
           1.887678842           1.688519360           1.871567162     H 
          -2.817561203           3.997834761           0.738778750     O 
          -4.210530555           4.450626986          -2.862797577     H 
          -4.877224940           1.525632614          -1.216255664     H 
           5.471373071           0.039085184          -0.763044808     O 
           6.242087761           0.231895769           0.843549134     H 
$end
