$coord
          -0.261846172           2.266753922           1.160674083     C 
          -0.857276955           1.555869577           3.261750253     O 
           0.252756645           0.819553240          -1.307516710     C 
           0.256416048           4.364878100           0.935970667     H 
           3.136592135           0.751625307          -0.895599527     C 
          -0.658493500           1.920028486          -2.791599782     H 
          -0.412846914          -1.094154479          -1.531227100     H 
           3.656176687          -1.166802052           1.027321467     O 
           3.992556001           2.587288752          -0.035631326     H 
           4.392494454           0.696554487          -2.585275556     H 
           1.109584497          -2.150598121           1.839741982     O 
           0.516083681          -0.966050561           3.251691304     H 
$end
