$coord
          -0.041350365           2.687294785          -1.709481105     C 
          -1.501185151           4.286434047          -0.849800619     O 
           0.124055124           0.088078026          -0.341447167     C 
           1.884508865           3.346838582          -2.585337968     H 
           2.849451218          -0.426875734           0.279223381     C 
          -0.932805107          -1.318694238          -1.306222609     H 
          -1.122643311           0.186234389           1.453474831     H 
           3.156401055          -2.226056411           2.213033577     O 
           3.578042184           1.539962450           0.831615988     H 
           3.912229373          -1.143479252          -1.442697816     H 
           2.117713145          -1.580476581           4.591972707     O 
           2.130798168          -3.168537109           5.564803015     H 
$end
