$coord
           0.148433298           3.851416121           0.157871887     C 
           0.791674499           6.013846938           0.323009115     O 
           0.754529285           1.678506386           1.846268267     C 
          -0.891977606           3.340575522          -1.615328741     H 
           1.524040379          -0.748804370           0.395069705     C 
          -0.658303558           1.320843334           3.234931989     H 
           2.420645338           2.473291619           3.004830562     H 
           1.440824533          -2.839852849           1.939845467     O 
           3.711930713          -0.530296287          -0.242299113     H 
           0.403413512          -0.802494599          -1.483946678     H 
           2.379361511          -5.060512967           0.607693900     O 
           4.179533505          -5.031909718           0.158282031     H 
$end
