$coord
           2.043543095          -4.435507241           1.290030333     C 
           2.175787347          -3.411631603           3.209143280     O 
           1.924511917          -5.425709428          -1.070595126     C 
           3.534006085           4.331853662          -0.189646781     H 
          -1.729302351           5.434595906          -0.291301961     C 
           3.090045314          -4.589328239          -2.585595666     H 
           0.233855377          -6.643632759          -1.183278198     H 
          -2.318306140           5.500740181           1.972204526     O 
           0.091476319           6.149537399          -1.287843547     H 
          -3.052068016           4.729229144          -1.713061442     H 
           3.698750878           2.488375196          -0.187197745     O 
           3.868982304           1.873454155           1.511584553     H 
$end
