$coord
           0.057477832          -2.437526095           3.688373735     C 
          -0.987543875          -0.565861691           4.176594809     O 
           1.507433945          -4.354894685           3.408664020     C 
           0.228346590           3.729877209          -3.994671130     H 
           2.548901473           1.177752023           0.065627927     C 
           1.164804343          -6.133316759           2.299564090     H 
           3.476574253          -4.171814100           3.687265695     H 
           4.077624001           2.700925517          -0.692180797     O 
           0.932313668           1.838216321           1.337961764     H 
           2.559312152          -0.824318686          -0.275276056     H 
          -1.338364343           4.282145933          -4.409057676     O 
          -2.136004308           4.301972829          -2.760799231     H 
$end
