$coord
           2.415008179           1.132368047           4.382979224     C 
           4.506297908           0.454690522           4.211740742     O 
           0.110074286           1.938448779           4.239684605     C 
          -3.352314472          -0.548445916          -0.238943546     H 
           2.611151365          -0.122183934          -4.112931405     C 
          -0.270278523           3.960812373           3.968632481     H 
          -1.364089867           0.459465517           4.644608337     H 
           4.182127878           0.508119736          -2.492472821     O 
           1.195903396           1.295145594          -4.694739046     H 
           2.210563144          -2.251112553          -4.992881085     H 
          -4.925266640          -1.269725707          -0.117539325     O 
          -5.300644441          -2.098859967          -1.789508109     H 
$end
