$coord
          -0.742605451           2.589508850           0.128906810     C 
          -0.134287367           2.898383324           2.236725821     O 
          -1.204475994          -0.075225527          -0.978553383     C 
           0.230680924           4.077670247          -1.348360407     H 
           1.518534318          -0.826784006          -0.756692144     C 
          -1.739016595          -0.543830913          -2.860816229     H 
          -2.479526856          -1.326490806           0.126552164     H 
           2.335741390          -1.791229002           1.834680967     O 
           2.373541748           1.081778391          -1.070762431     H 
           2.390569730          -2.205415660          -2.195895468     H 
           4.275781931          -0.044438498           2.554424147     O 
           5.932253354          -0.898696999           2.707976832     H 
$end
