$coord
          -0.161271382           2.916191929           1.989351838     C 
          -1.760138326           4.519215156           1.560332476     O 
          -0.380893565           0.156564009           1.509091158     C 
           1.794199591           3.767458352           2.949652945     H 
           2.304149902          -1.211363895           2.191605355     C 
          -0.854822461          -0.121194638          -0.460348946     H 
          -1.948595605          -0.803468714           2.517821970     H 
           4.141572314          -1.407244070           0.177278944     O 
           2.027506057          -3.081271870           2.944217990     H 
           3.281047358           0.161452849           3.499464019     H 
           2.936133433          -2.505942962          -2.049037883     O 
           2.103882517          -1.010629762          -2.910660214     H 
$end
