 -1.0
  0.12182867430528D+01 -0.19471644517288D+01  0.32509355856617D+01 -0.61301533881415D-04  0.23671645483734D-04 -0.24419946575406D-03
 -0.42424698842687D+00 -0.33760545817241D+01  0.27777952473795D+01  0.22245952457440D-03  0.24794009819680D-04  0.69328995042933D-04
  0.32966020413561D+01 -0.64936761328876D+00  0.36489045080938D+01 -0.62882752317991D-04 -0.14052725353490D-03 -0.20817641005611D-03
  0.50873643698259D+01 -0.25374661677955D+01 -0.27501709868494D+01  0.17990485005161D-02  0.63289515610457D-03 -0.13195913279676D-03
 -0.31515952564232D+01  0.45726262588162D+01 -0.27625070902243D+01 -0.18870622756429D-03 -0.91987231049538D-04 -0.24816426090310D-03
  0.49888678899324D+01 -0.89807152801970D+00  0.24714420397662D+01  0.70642024084657D-03  0.10324870829311D-02  0.70383697037423D-03
  0.37218401748941D+01  0.15706990426313D+00  0.54796771669258D+01  0.36429831420383D-03 -0.89155215983706D-03  0.20543739610835D-03
 -0.31405697258488D+01  0.57330512149876D+01 -0.78386101777218D+00  0.50165728079893D-03 -0.18011310090290D-03  0.22309251508717D-03
 -0.18196973063979D+01  0.48264386183300D+01 -0.42834554931856D+01 -0.74024552882858D-03  0.42747340998278D-03 -0.46449486721311D-03
 -0.47887533605457D+01  0.30964609176822D+01 -0.30915758973737D+01 -0.53719867422965D-03 -0.40461560103408D-03 -0.53522072087733D-03
  0.55299695357664D+01 -0.28034491946939D+01 -0.98134924731313D+00 -0.48899454367548D-03  0.29781910401868D-03  0.13392897672021D-03
  0.43625662203647D+01 -0.41498448913392D+01 -0.32155962635406D+00 -0.15941664290047D-02 -0.68243957140779D-03  0.10188181557797D-02
