$coord
           0.345383360           2.419273938           0.305748400     C 
           0.558165301           4.648896143          -0.217458496     O 
           1.702728482           1.323412679           2.654525034     C 
          -0.734793440           0.838047081          -0.617683489     H 
           3.177567324          -1.077637302           1.865419532     C 
           0.384262208           0.740613972           4.062340203     H 
           3.009644279           2.869560373           3.538445847     H 
           2.204871030          -2.269241566          -0.227014036     O 
           3.385831294          -2.201640427           3.621081116     H 
           5.120063698          -0.337591474           1.020597997     H 
          -0.717530012          -2.637600992          -0.031324684     O 
          -0.974587154          -2.739004296           1.817979514     H 
$end
