$coord
           1.512598328           2.636743273           0.415668563     C 
          -0.455498210           3.009418694          -0.688742819     O 
           2.095643109           1.030708023           2.938817979     C 
           3.471351251           3.329258027           0.002870606     H 
           3.530465796          -1.167128885           1.534510242     C 
           0.474157187           0.519789065           4.290929494     H 
           3.281156607           2.169667869           4.214109668     H 
           1.570470000          -1.762077894          -0.339321769     O 
           4.136991932          -2.897510733           2.587241706     H 
           5.002538978           0.091621563           0.363850551     H 
          -1.039981557          -1.853601396           0.748786729     O 
          -1.902391941          -0.267900309           0.029952620     H 
$end
