$coord
          -0.093349018          -0.222207570           5.794795263     C 
          -0.543955737           1.837953900           6.307389613     O 
           0.134423873          -2.632009208           5.436079439     C 
           1.552271398          -0.958483444          -3.632545221     H 
           1.250305947           3.119242294          -4.019285076     C 
          -1.280785281          -4.010956393           4.725464082     H 
           2.162213673          -3.323223031           4.984232085     H 
           3.189118225           2.118981248          -4.675288989     O 
          -0.766871720           2.372421140          -4.488704778     H 
           1.073207747           5.011964732          -3.296205149     H 
           0.845865897          -2.266842218          -2.666819649     O 
          -0.196663175          -3.163891331          -3.845840504     H 
$end
