$coord
          -1.015097587          -0.067533985           4.868585386     C 
          -0.831614297           1.511669754           6.299712320     O 
          -1.731883570          -2.026262200           3.493610745     C 
          -0.025242467          -0.385122870          -1.819050162     H 
           3.220101933           0.341616165          -5.002325005     C 
          -3.334542739          -1.503586385           2.335859205     H 
          -1.013903198          -3.854315125           3.461614445     H 
           4.554353664           1.897740734          -4.056764078     O 
           3.637469220          -1.729244437          -4.972213987     H 
           1.438083728           0.934350181          -6.055662140     H 
           0.652454233           0.066174230          -0.158571790     O 
           1.572028348           1.562901341          -0.484509619     H 
$end
