$coord
           3.117719937           3.358373727           2.874528543     C 
           2.934723586           3.184669079           5.117436601     O 
           3.697479353           3.373735621           0.510466450     C 
          -4.401285174           0.310121560          -4.246503441     H 
           0.866048116          -3.465785245           1.691487516     C 
           2.641125766           4.041545233          -1.026882203     H 
           5.654031287           3.074873133           0.269968770     H 
          -0.700435955          -4.956473024           1.038190527     O 
           0.532676983          -1.361537192           1.698977192     H 
           2.584957858          -3.909229187           2.808345156     H 
          -2.792624991           0.842144704          -4.916393345     O 
          -2.196619412          -0.598565524          -5.952412185     H 
$end
