$coord
           0.458772241          -0.119749859           5.612613786     C 
           0.168421182           1.857122071           6.429500958     O 
           0.725978500          -2.343956485           4.472803383     C 
          -2.949731228          -2.575746204          -1.483776124     H 
           1.912717084           2.906715639          -4.646645208     C 
           1.811232879          -1.963088194           2.857700712     H 
          -0.555334066          -3.978148035           4.654393962     H 
           3.920225312           2.718856639          -3.653218564     O 
           1.122777066           1.501495787          -5.996986841     H 
           0.588711446           4.545502339          -4.107289250     H 
          -1.493163663          -2.624086388          -2.492900107     O 
          -0.508165704          -3.842366852          -1.572871400     H 
$end
