$coord
           3.717808055           2.891542289          -1.843872099     C 
           4.230995904           4.613050700          -0.559423342     O 
           3.473506681           1.160478115          -3.652806485     C 
          -0.697022552           0.528696676           3.469502136     H 
          -2.872900272          -3.050559847           4.273082402     C 
           2.296010013           1.558415960          -5.217790200     H 
           4.312539082          -0.744527408          -3.592985897     H 
          -1.560993088          -4.258277967           2.978477121     O 
          -2.258757427          -1.931332921           5.668157399     H 
          -4.920727205          -2.388253789           3.719251821     H 
          -0.150424632           1.092627544           1.916685334     O 
           0.544566042          -0.367171708           1.050116684     H 
$end
