$coord
           0.483396942           0.304280296          -0.678721451     C 
           2.532715280           0.874575467          -0.989886642     O 
          -1.980898017           0.211373115          -0.483626346     C 
           1.561552098          -5.291375724          -0.406103143     H 
           3.752020793           3.119344099           3.352753394     C 
          -3.133885484          -0.075966934          -2.181797372     H 
          -3.196278051          -0.439113927           1.000516943     H 
           2.073904317           4.139921183           4.379102114     O 
           4.720053877           3.947786985           1.498408942     H 
           4.552302481           1.693267926           4.126812136     H 
          -0.166282190          -5.318747237          -1.148446644     O 
          -1.203137375          -6.612030783          -0.481439204     H 
$end
