$coord
           0.957132194          -2.072093571          -0.931345355     C 
           0.507028551          -0.365834891           0.370443904     O 
           1.732147101          -4.040695151          -2.204138918     C 
           3.500933852          -1.589414758           4.385639529     H 
          -1.506918972           5.669616743           0.262334666     C 
           2.066191297          -3.697465296          -4.141612163     H 
           1.686955485          -6.090278493          -1.749079994     H 
          -2.936753149           5.177078945           1.997703204     O 
           0.510373790           5.749785763           0.485435862     H 
          -2.129380727           5.756946055          -1.808796398     H 
           4.677425029          -2.969388355           3.674501710     O 
           5.577891193          -2.532085518           2.282552357     H 
$end
