$coord
          -0.614036668           2.933881150           2.680866746     C 
          -2.218165357           3.366001655           1.023072457     O 
           1.643877857           1.385561110           2.374340842     C 
          -0.870759919           4.056445796           4.663895251     H 
           1.024048610          -1.302845241           1.153100359     C 
           2.869116419           1.491468014           4.141838271     H 
           3.070774510           2.261243142           1.049683972     H 
           3.246467937          -2.538055603           0.293295200     O 
          -0.269073341          -1.163859260          -0.609160710     H 
          -0.250302111          -2.294652346           2.697736950     H 
           3.698514688          -1.985333038          -2.360984046     O 
           3.232614625          -0.103271351          -2.263161914     H 
$end
