$coord
           2.452597132           2.583251650           0.335437899     C 
           1.216609595           3.468493191          -1.341104783     O 
           1.690712604           1.415453210           2.968423597     C 
           4.744109191           2.798140228           0.111501531     H 
           0.026570974          -0.953181394           2.670420722     C 
           0.839780358           2.852392961           4.205935784     H 
           3.407064854           0.667772732           4.084779795     H 
           1.088615787          -2.776237187           1.203709142     O 
          -2.077271478          -0.561827607           2.239825698     H 
           0.235568751          -1.665731186           4.647388300     H 
           1.125377344          -1.528047925          -1.166454407     O 
          -0.728538633          -1.030661664          -1.494908591     H 
$end
