$coord
           2.119589960           3.757293874           0.333455456     C 
           1.223529346           5.148154127           1.913089805     O 
           1.803213861           1.020751922          -0.065093118     C 
           3.521929144           4.408261381          -1.060732189     H 
           0.225335502          -0.302799088           1.840471993     C 
           3.728736308          -0.079718811          -0.012542498     H 
           0.775181868           0.601536408          -1.821464099     H 
           1.061286971          -2.941319474           1.904007476     O 
          -1.742434754          -0.271878791           1.238038377     H 
           0.388756326           0.447481051           3.742059716     H 
           0.884326634          -3.931697631          -0.564465745     O 
           2.218803265          -3.154574109          -1.472892084     H 
$end
