$coord
           1.406340523           2.262798268           0.155519431     C 
          -0.607165720           3.126034964          -0.181816429     O 
           2.242828521           1.143609332           2.728296439     C 
           3.046283463           2.297678538          -1.317167278     H 
           3.408619577          -1.211984252           1.736676261     C 
           0.520916949           0.452809496           3.495232507     H 
           3.140724674           2.410068673           4.168007883     H 
           1.638635166          -1.472276110          -0.350449530     O 
           3.445653189          -2.805271676           2.996424348     H 
           5.369393812          -0.901809971           0.754467417     H 
          -0.852532997          -1.850178797           0.480572225     O 
          -1.407781242           0.048174780           1.180839401     H 
$end
