$coord
           1.670932176           3.775108214           1.428661857     C 
           3.324015487           3.514169913          -0.202066659     O 
           0.975573492           1.597498610           3.091054161     C 
           1.065856218           5.645009060           1.812177838     H 
           1.540774356          -1.112510801           1.875236777     C 
          -1.120724440           1.776724809           3.637361289     H 
           2.106997956           1.594452479           4.819508876     H 
           0.004732469          -1.273238145          -0.243992110     O 
           0.996041217          -2.342088709           3.405103349     H 
           3.543991569          -1.450745482           1.374209955     H 
           0.050552877          -3.829431094          -0.980288832     O 
           0.011255801          -3.671585976          -2.873280123     H 
$end
