$coord
           4.630462415           1.152652115          -2.238052717     C 
           5.446313242          -0.064465944          -3.773415991     O 
           3.086102451           1.904258356          -0.454295972     C 
          -2.672093023          -6.040461996           1.381005728     H 
          -2.206135868           2.803329705           4.623742730     C 
           2.656011100           3.618700608           0.483315598     H 
           2.721666484           0.151898635           0.623920548     H 
          -0.476754763           2.824712595           5.989312669     O 
          -4.017383100           1.824426675           5.012575592     H 
          -2.064024373           3.809955127           2.903472642     H 
          -1.945797117          -5.246566618          -0.362312375     O 
          -0.351024480          -5.860274327          -0.852516559     H 
$end
