$coord
           2.362575351           3.302629812           3.350654741     C 
           0.581371611           3.761879095           4.536621675     O 
           4.187919431           2.573859116           2.067599535     C 
          -0.304087057          -5.745726230          -2.895232912     H 
          -0.472472352          -0.866896172           0.156692735     C 
           4.168983556           3.320397976           0.192527947     H 
           5.499446901           1.396369559           2.732055181     H 
          -2.008785901           0.220589219          -1.169950818     O 
          -1.125644558          -2.081615134           1.671389939     H 
           1.568679019          -0.705589409           0.137830258     H 
           1.354754226          -5.133143460          -3.004284978     O 
           1.281908857          -3.592538671          -4.020647612     H 
$end
