$coord
          -1.037391992           2.594704713           2.474067061     C 
          -2.813721028           3.970350644           2.586000461     O 
          -0.225372852           1.308278774           0.061581387     C 
           0.035535410           1.820156201           4.088938931     H 
           2.569189975           0.408642659           0.122777005     C 
          -0.856159423           2.406531374          -1.628477082     H 
          -1.323246315          -0.435663882           0.213467000     H 
           2.603269901          -2.369612320           0.164596128     O 
           3.810142834           1.512648908           1.324508524     H 
           3.336523530           0.725960328          -1.753885070     H 
           5.139097202          -3.393775720           0.024600161     O 
           5.014938948          -4.133434632          -1.610441698     H 
$end
