$coord
           2.827669539           3.688449958           1.127601709     C 
           1.245115145           5.206929774           0.481203926     O 
           2.298163210           1.259639947           2.445098965     C 
           4.860740079           4.002715561           0.647912865     H 
           0.313696153          -0.424677184           1.236701278     C 
           1.801624807           1.865236517           4.328544232     H 
           4.107527904           0.201220349           2.580982088     H 
           1.465283434          -2.700956256          -0.047127874     O 
          -0.639331919           0.716357352          -0.184201293     H 
          -1.116047709          -1.074994808           2.617737643     H 
          -0.467520704          -4.400680386          -0.224823002     O 
          -1.416620852          -4.241291346          -1.795124163     H 
$end
