$coord
          -2.494061091           0.497692861          -1.578846684     C 
          -0.682172388           0.583410627          -0.402813993     O 
          -4.427768928           0.646356616          -3.144782578     C 
           3.092169364          -5.696065439           1.056119677     H 
           4.396704781           2.361150910           3.527815412     C 
          -5.953050503          -0.566294542          -2.911795296     H 
          -3.938741961           1.509799050          -4.976964691     H 
           4.831195996           3.822616777           1.798807690     O 
           3.097992172           2.865270591           5.162925198     H 
           5.405045757           0.526908115           3.779915580     H 
           2.327602548          -4.758048033           2.576818369     O 
           3.520737183          -4.082710920           3.591193249     H 
$end
