$coord
          -1.980382526           3.634464232           1.819569142     C 
          -3.861078013           3.360501886           2.960833814     O 
          -0.082519539           1.805219599           0.530952764     C 
          -1.436717425           5.776130905           1.107340575     H 
           2.785444558          -0.200736504           0.058581456     C 
           0.655012499           3.101170194          -0.985310039     H 
          -1.308470339           0.354992485          -0.153262371     H 
           4.029396561          -2.191163418           1.287693180     O 
           4.212706735           1.096381250          -0.500728783     H 
           1.676729499          -1.204872331          -1.548562522     H 
           5.068178904          -3.991358810          -0.623092888     O 
           5.097901577          -3.140017249          -2.286303297     H 
$end
