$coord
           0.167988295          -0.728491015           3.713641216     C 
          -0.536149717          -2.562310951           4.820233263     O 
           1.481677366           1.211998152           2.794818156     C 
           2.723663837          -5.365353294           1.975078119     H 
           0.408920175           4.359545448          -3.656293855     C 
           3.101322971           1.984270528           3.801281756     H 
           1.488289575           1.612532458           0.792300028     H 
          -1.744912389           3.976628251          -4.081903576     O 
           0.870946733           5.682527132          -2.074149078     H 
           2.000991031           3.502571087          -4.672798562     H 
           3.549253338          -4.097838432           1.025575035     O 
           4.327680023          -5.023484906          -0.376253851     H 
$end
