$coord
          -1.099251956           0.272365339           0.220961783     C 
           0.167899253           0.853092261           1.914522942     O 
          -2.331157022          -0.557357053          -1.740001072     C 
           1.469586831           4.532384655          -2.445631854     H 
           3.276966724          -2.687460723           4.306688373     C 
          -2.258556014          -2.558677245          -1.976059311     H 
          -3.476062956           0.563337953          -2.898749446     H 
           4.734955408          -1.057667817           4.702788378     O 
           1.546787579          -3.144171376           5.519775454     H 
           3.125542877          -4.184500835           2.719711520     H 
           0.722992776           4.348811044          -4.311378518     O 
          -0.321429168           2.872161302          -4.565982112     H 
$end
