$coord
           0.830530317           2.710415875           0.553637870     C 
          -1.390111964           2.807896209           0.176818535     O 
           2.380301681           1.464728600           2.812096062     C 
           2.400820495           3.762589899          -0.453305578     H 
           1.638536986          -1.343422212           2.723870229     C 
           1.946216822           2.353328070           4.571212445     H 
           4.333039921           1.576975086           2.308994327     H 
           2.702582644          -2.029520413           0.273304325     O 
          -0.291020505          -1.560067366           2.748516839     H 
           2.610358681          -2.135618666           4.367762257     H 
           0.910873129          -1.514526928          -1.529956190     O 
           1.404197440           0.250467493          -1.981440276     H 
$end
