$coord
          -1.822200757           2.571673144           2.555988216     C 
          -3.342799242           4.164823981           1.831059834     O 
           0.299577831           1.690133134           0.734057600     C 
          -1.754657553           1.713382949           4.777648353     H 
           1.721583015          -0.803047786          -0.096723631     C 
           1.615795971           3.293142464           1.070405441     H 
          -0.617650649           2.296174131          -1.026835143     H 
           3.988893409          -1.893115743           1.205864362     O 
           2.715293662          -0.329285155          -1.819177330     H 
           0.449960642          -2.349840954          -0.513857425     H 
           5.376238067          -3.100430626          -0.687323564     O 
           4.389016756          -4.466753352          -1.416544761     H 
$end
