$coord
           2.769538024           2.808898056          -1.424356602     C 
           2.247742340           3.500660576           0.614063472     O 
           3.826332172           2.093036940          -3.476647914     C 
           1.745375363          -2.871248192           0.450043260     H 
          -3.947652175          -1.139722722           2.938492965     C 
           2.925668780           2.887772989          -5.106887181     H 
           5.231066033           0.741561432          -3.738452993     H 
          -1.783438292          -1.795905493           3.162876670     O 
          -4.314458888           0.910582255           2.765392338     H 
          -5.471578999          -2.505812790           2.861746068     H 
           2.997010885          -2.409428837           1.825336563     O 
           1.980638255          -2.272250100           3.325016171     H 
$end
