$coord
           4.331761733           0.347118556           3.078483868     C 
           3.789686054           1.663518176           4.757121748     O 
           4.814179303          -0.842210997           1.073068459     C 
           3.170076278           1.744279250          -5.130205518     H 
          -4.956934752           0.256844838          -0.248358026     C 
           6.610169353          -1.482755232           0.660396739     H 
           3.208366227          -1.607561845          -0.076649924     H 
          -4.791530969           0.060426727           2.010333472     O 
          -6.350972667           1.354818201          -1.460613718     H 
          -3.958921020          -1.171606680          -1.549049607     H 
           3.527314131           0.405043713          -3.929174958     O 
           2.612074277          -0.977331475          -4.564855180     H 
$end
