$coord
           0.209012889           0.487122546           5.085157034     C 
          -1.670536710          -0.097237094           6.070166192     O 
           2.241770705           1.084737377           3.826215680     C 
          -4.835959192          -1.115898454          -2.633442840     H 
           4.473964787           1.755293774          -2.363828245     C 
           2.153676811           2.428836803           2.358614923     H 
           3.973219525           0.522011073           4.545825051     H 
           3.846268785          -0.387914265          -2.703755032     O 
           4.036465558           3.468975547          -3.551112359     H 
           5.759496938           2.335738573          -0.817102439     H 
          -3.448371752          -1.081212132          -3.918242114     O 
          -2.988157255          -2.739055271          -4.448656243     H 
$end
