$coord
           3.658656756          -2.319779068           2.541946579     C 
           5.082926703          -3.225822970           1.190254716     O 
           1.762591753          -1.912896818           4.145818104     C 
          -0.254079020           0.756850205          -3.989142013     H 
          -1.434418370           4.670252233           0.595942817     C 
           0.173502253          -3.215087813           4.071395941     H 
           1.583146925           0.090249697           4.939223398     H 
          -1.181462565           4.831054357           2.750496645     O 
          -1.938642425           2.731976032          -0.362741666     H 
          -1.042977166           5.926566010          -1.031860484     H 
          -0.358187727          -0.789673546          -5.005759018     O 
           0.941749167          -2.044645687          -4.571128729     H 
$end
