$coord
          -0.963510110           1.053680297           0.730081945     C 
          -2.956762878           0.522944310          -0.184494790     O 
           1.426937355           1.073809163           1.485731844     C 
          -1.711659593           5.424856080          -3.448036635     H 
           3.793127640          -3.473537199           2.556235915     C 
           2.839155083           1.251246913          -0.015066947     H 
           2.261888007           2.147959480           3.019847916     H 
           4.339671344          -2.573821966           4.515981200     O 
           1.947487842          -4.439073006           2.364950357     H 
           5.109511383          -3.244723327           1.029398684     H 
          -0.174656216           4.338833844          -3.702723155     O 
          -0.593108780           2.744860275          -4.446056611     H 
$end
