$coord
           1.612946316           1.330864683           0.511314070     C 
           2.601547495           2.760622228           1.865603544     O 
           0.025938635           0.297742965          -1.035416681     C 
          -2.329520608           3.270317702          -3.576443811     H 
           1.516867786          -4.471127156           3.051475681     C 
           0.422020790          -1.381824525          -2.054909721     H 
          -1.974505744           0.874790453          -0.780810594     H 
           3.425086017          -3.888604295           4.120825565     O 
          -0.281214427          -4.774301093           3.978815755     H 
           1.205419243          -4.672478223           0.999748078     H 
          -2.337704380           5.165287742          -3.317736665     O 
          -0.537058406           4.984112453          -2.877176158     H 
$end
