$coord
           1.084110208           4.270628065           1.482678425     C 
           3.344098798           4.776246763           1.619879059     O 
           0.323447169           1.943010385          -0.161153706     C 
          -0.610419482           5.111011167           2.730572781     H 
           0.301574378          -0.662870631           1.439194174     C 
           1.750002972           1.821849434          -1.755309459     H 
          -1.649482193           1.837858000          -0.889997979     H 
           2.065974602          -2.565122376           0.329269792     O 
          -1.560543611          -1.454535529           1.076950762     H 
           0.794842929          -0.289229511           3.441545666     H 
           0.557861947          -4.848386818           0.095615334     O 
           1.229520802          -6.144830382           1.089926789     H 
$end
