$coord
           1.500079192           3.860032966           0.754434365     C 
           0.808162278           6.107383894           0.704549137     O 
          -0.103124993           1.743841326           1.776450924     C 
           3.162994527           3.118492718          -0.285163251     H 
           1.355409323          -0.801394902           1.716070500     C 
          -1.895099801           1.720139233           0.803976867     H 
          -0.871197049           2.128889638           3.648175970     H 
           1.166287258          -2.603493995          -0.269047198     O 
           0.942491679          -1.977849440           3.487465502     H 
           3.360690223          -0.183218062           1.977350557     H 
           2.442386621          -5.063898002           0.278671772     O 
           2.755147965          -5.812201454          -1.356288813     H 
$end
