$coord
           0.632764986           2.502666921           0.465193193     C 
          -1.276176685           2.750167718           1.715390834     O 
           3.216771940           1.352345382           1.826674557     C 
           0.687137107           2.970561083          -1.588634710     H 
           1.723621747          -1.075198255           2.735349600     C 
           3.785105305           2.968950092           2.985520281     H 
           4.625981311           1.028327439           0.291812861     H 
           0.555808984          -1.799118972           0.561208814     O 
           0.278905239          -0.527862635           3.886903107     H 
           2.507350153          -2.932400168           3.389228345     H 
           1.862421047          -1.549127711          -2.130556555     O 
           3.439833371          -2.310241592          -1.713452009     H 
$end
