$coord
           3.063660697           3.261217405           2.122107069     C 
           3.232063918           3.552763293           4.386905319     O 
           3.007676421           3.298223604          -0.303459339     C 
           2.697559407          -0.973712123          -5.853896557     H 
          -1.271283649          -2.887800071           3.226192814     C 
           3.027437295           1.415363882          -1.210031118     H 
           2.816073212           5.094293337          -1.185089284     H 
          -3.134654257          -2.003727433           2.345877843     O 
          -0.554381390          -2.217963191           5.174189654     H 
           0.074918084          -4.241056702           2.298481913     H 
           1.486732161          -2.271308355          -5.357658210     O 
          -0.168330873          -1.784450347          -5.971251740     H 
$end
