$coord
           0.716779119           2.793893611           1.033585279     C 
           0.889964788           3.261398509          -1.111685598     O 
           2.455632910           1.066544846           2.463818945     C 
          -0.881041484           3.718372225           2.339458919     H 
           3.295528134          -1.144147469           0.790427685     C 
           1.482598746           0.564127165           4.401009744     H 
           4.041295580           2.260588270           3.346125602     H 
           1.157226888          -2.747584690           0.979449019     O 
           5.169535222          -1.870142295           1.410914908     H 
           3.512865706          -0.283666843          -1.065103705     H 
          -1.215149320          -1.484481284           0.457749381     O 
          -0.886328033           0.175223690          -0.168342875     H 
$end
