$coord
           3.498040561           3.144860801           2.637514697     C 
           1.969477134           4.157031384           3.710432658     O 
           5.053955098           1.650023582           1.341987027     C 
          -4.089912987          -2.218742194          -3.691610515     H 
           0.298007149          -2.836509213           0.616814145     C 
           5.301939110           1.646351732          -0.686975541     H 
           6.133968665           0.135201237           2.228754815     H 
           2.167861176          -1.694754007          -0.116473598     O 
           0.190939765          -3.473828887           2.844508994     H 
          -1.374265269          -3.465657032          -0.367994317     H 
          -5.248916332          -1.386847143          -2.566341633     O 
          -4.887207430           0.365078673          -2.789856647     H 
$end
