$coord
           3.806970085           0.604553741          -0.346239138     C 
           4.571196764          -1.430620387          -0.146747476     O 
           2.819357828           2.815011971          -0.173478042     C 
           1.550475332          -4.815408503          -4.074193265     H 
          -2.821134975           2.960362734           4.189102060     C 
           2.860155212           3.957394186           1.547239284     H 
           1.644089971           3.628191527          -1.717255954     H 
          -4.904918985           1.993993681           4.100787734     O 
          -2.096268753           4.469946573           2.854377669     H 
          -1.222906027           2.083734064           5.379258136     H 
           2.469272740          -4.107866953          -2.783828730     O 
           2.971040721          -5.473896703          -1.633134496     H 
$end
