$coord
          -2.211487582           0.252368950          -2.325377617     C 
          -0.429056280           1.269214815          -1.501192306     O 
          -3.933742006          -0.517398670          -3.903238880     C 
           2.907886118          -1.729332486           4.683005091     H 
           4.718809174           1.650471906           2.229989753     C 
          -5.284267728          -1.991656769          -3.528634082     H 
          -3.305345340           0.150965340          -5.725828560     H 
           4.525729780           1.264098750           4.476959262     O 
           5.820900203           0.482737242           0.932627542     H 
           3.553684068           2.953068448           1.187445314     H 
           1.446776855          -1.999032484           3.604737828     O 
           0.946647315          -0.104790569           3.414428659     H 
$end
