$coord
           1.632383059           3.682005906           0.752524721     C 
           0.575564921           5.659383683           0.931537429     O 
           0.483780910           1.076371569           1.084570028     C 
           3.654975482           3.582707016           0.827242503     H 
           2.561727806          -0.831836598           1.995768279     C 
          -0.285689967           0.107545356          -0.543843541     H 
          -1.255177442           1.195547252           2.274122358     H 
           1.526623524          -3.275466647           1.490456528     O 
           2.839978858          -1.087920722           4.068302384     H 
           4.248735549          -0.702574301           0.657865183     H 
           0.713017537          -3.268430001          -1.137831095     O 
          -0.626957395          -4.535920402          -1.257822091     H 
$end
