$coord
           2.731327791           2.172581601           4.234119108     C 
           1.101923401           2.544689920           5.621338562     O 
           4.487873855           2.256540346           2.483739676     C 
          -0.735039766          -4.788446758          -3.999753983     H 
          -0.637643406           0.348140103          -1.496515286     C 
           3.990485822           2.986696078           0.671308806     H 
           6.060313710           1.226469480           2.659480461     H 
           1.449061879           1.139310713          -1.867612672     O 
          -1.739473840           1.117783427           0.160523091     H 
          -1.563628691          -0.862554176          -3.005889229     H 
          -2.018864001          -4.791561711          -2.753253197     O 
          -1.487246937          -6.009456084          -1.621729781     H 
$end
