 -1.0
 -0.20736700109607D+01  0.28792334355009D+01  0.72066065378045D+00 -0.46687143380910D-05 -0.19255237404823D-03 -0.14394617798840D-03
 -0.42209229545018D+01  0.31131403304513D+01  0.15666302829238D+01  0.75910542267323D-04 -0.40460292663065D-05  0.90993061799593D-05
 -0.11006255940612D+01  0.83138209805171D+00 -0.99346497271771D+00  0.27826558979288D-04 -0.23241265995978D-03 -0.77912367393966D-04
 -0.47977490840958D+00  0.40471933623622D+01  0.13870431286862D+01  0.22147322605958D-03 -0.79509770550259D-03  0.37976853651668D-03
  0.12383359362499D+01 -0.41762625050223D+00  0.96109962072052D-01  0.13983794448139D-03  0.20741720215798D-03  0.18792326988737D-03
 -0.93492388360969D+00  0.19645847028398D+01 -0.27153361728003D+01 -0.63709938588459D-03  0.43303065240586D-03  0.29113958865345D-03
 -0.27804664332180D+01 -0.36864120334132D+00 -0.11267275874164D+01 -0.30720518391544D-03  0.17766085026988D-03  0.41986675629857D-03
  0.62676705504486D+00 -0.23490116428447D+01  0.18770567085383D+01 -0.15002133870675D-03  0.12131747813263D-03 -0.43897755436232D-05
  0.24526232608655D+01  0.89695847281038D+00  0.11388356463921D+01  0.64975320207032D-03  0.55668729580842D-04 -0.21107068106798D-03
  0.25111507930819D+01 -0.11073218674730D+01 -0.13838885326252D+01 -0.37409759168657D-03  0.23909517951496D-03 -0.27148932118662D-03
 -0.66069739187904D+00 -0.44307591361019D+01  0.62471877950551D+00  0.11281106848563D-03  0.55529648426063D-04 -0.16589273090737D-03
  0.36015240732021D+00 -0.58327852220562D+01  0.12453107791844D+01 -0.84128604450705D-03 -0.18623114010353D-03  0.88500066497932D-03
