           2           1   1.92707599854321     
           3           1   1.01276668047162     
           4           1  0.935901229889597     
           5           3  0.988853986255066     
           6           3  0.934357652647315     
           7           3  0.962842860980326     
           8           5  0.977292671966247     
           9           5  0.967977843377294     
          10           5  0.968575347595984     
          11           8  0.975399698242894     
          12          11  0.887751839281696     
