 -1.0
 -0.28784455620321D+01 -0.41019312066384D+00  0.15146335041679D+01 -0.80232982055223D-04 -0.26741951946669D-03  0.56608290719923D-03
 -0.90775752810551D+00  0.22462850218097D+00  0.22879210951045D+01  0.18373506533020D-06 -0.61487579321401D-04  0.46802078577651D-04
 -0.51981514665857D+01 -0.12299637428394D+01  0.10197287628450D+01  0.38909491070527D-04 -0.26707820511020D-04 -0.23554996208607D-03
  0.34547367951089D+01  0.43385935872284D+01 -0.53885114928803D-01 -0.15989581029241D-02  0.23276751796054D-03 -0.39820104918068D-03
  0.45537753457722D+01  0.10374586281631D+01 -0.10454806041742D+01 -0.18203038134554D-03 -0.33088406495983D-03 -0.39146680850168D-03
 -0.60876643726364D+01 -0.92062504118362D+00 -0.81358879902479D+00 -0.72580662785594D-03  0.29340061126797D-03 -0.36265139500742D-03
 -0.62173027625026D+01 -0.91683265747444D+00  0.25795476005734D+01 -0.95671406364417D-03  0.11826470223189D-03 -0.10939809349742D-02
  0.42538220898778D+01  0.29246627232942D+01  0.74386784392989D+00  0.58570284065806D-03  0.18335699074440D-03  0.80407170964320D-04
  0.48158864946504D+01  0.21239279926036D+01 -0.29955425572791D+01  0.94720908151793D-03  0.80147537912473D-03 -0.10682862876322D-02
  0.65254860363120D+01  0.25314816016167D+00 -0.55433573169702D+00  0.32157674292438D-03  0.41395172660218D-03  0.78336184865050D-03
  0.28394144443395D+01 -0.96443727853171D+00 -0.11504302690325D+01 -0.11859316784983D-03  0.10822886144582D-03  0.70328945112791D-04
  0.19274760126464D+01 -0.10456175039394D+01  0.47988703368243D+00 -0.38416242470494D-03  0.52928901696479D-04  0.92544983894403D-03
