$coord
           0.160430816           2.454187906           1.333998704     C 
          -1.659738659           2.200708398           0.028270713     O 
           2.832496668           2.076136065           0.032637272     C 
           0.044435595           3.110762946           3.421387732     H 
           2.761466649          -0.688777289          -0.791732169     C 
           4.423214692           1.998463036           1.371036702     H 
           3.542407272           3.138127313          -1.603439728     H 
           2.838253407          -2.225715698           1.654436564     O 
           4.472163409          -1.133930092          -1.826125029     H 
           1.008027238          -1.135370707          -1.742577184     H 
           0.342411512          -1.749355069           2.695268424     O 
          -0.825742455          -1.088587625           1.384713809     H 
$end
