$coord
           0.620723674           4.532082566          -1.053962303     C 
           2.048679466           4.790738860          -2.627944300     O 
          -0.696736959           4.623917580           0.920014084     C 
           2.661508107          -5.506955528           0.095294021     H 
           1.722338185          -3.520098595           3.056053312     C 
          -0.139260972           5.470569266           2.754437952     H 
          -2.467906323           3.594051714           1.486925738     H 
           1.184317278          -5.567569289           1.242059783     O 
           0.402152373          -3.651025027           4.497327509     H 
           3.631368440          -3.920632679           3.600931265     H 
           1.704251434          -1.102286494           2.105675915     O 
           0.693037580          -0.821375435           0.621731419     H 
$end
