$coord
          -2.167044517           2.059530148          -0.311987008     C 
          -0.518923680           3.561904825          -0.239504577     O 
          -4.168813434           0.686002111          -0.164543927     C 
           5.815603569          -2.525384941           1.394891511     H 
           2.520188010          -0.963131773           1.540037622     C 
          -4.525951486           0.415628609           1.837817036     H 
          -5.727651894           0.292679283          -1.478652269     H 
           4.557830666          -2.198787390           2.796227743     O 
           0.931567168          -2.229043842           1.248906689     H 
           1.388704766           0.247693246           2.873282695     H 
           3.236038135          -0.149238381          -0.867912171     O 
           2.667594838           1.452405584          -1.400598861     H 
$end
