$coord
          -2.830846962           0.521343286          -0.650130084     C 
          -1.411455237           2.106025870           0.000301924     O 
          -4.345003120          -0.586070924          -2.219472677     C 
           3.186906199          -1.952166213           3.712176213     H 
           3.566645971           1.083423784           1.434791069     C 
          -4.143105703          -2.516915437          -2.629018134     H 
          -6.275208919          -0.171435880          -1.993960826     H 
           2.092795495          -0.889924014           2.698759306     O 
           2.813398284           1.270672683          -0.586925798     H 
           3.328415477           2.932720582           2.316204415     H 
           6.129844991           0.435037075           1.143148083     O 
           6.259094997          -1.023358029           2.219236762     H 
$end
