$coord
           0.800487694           4.395586095          -0.969355044     C 
           2.501925045           5.051470055           0.213272670     O 
          -1.454936226           3.982118136          -2.000172938     C 
           3.683761000          -1.489696507           2.872602207     H 
           1.300450618          -4.156179176           2.516430318     C 
          -3.320871928           4.667956436          -1.309529933     H 
          -1.649235861           2.713403911          -3.612493003     H 
           2.612141128          -2.387793195           3.998559287     O 
           2.527130189          -5.592042879           2.205554604     H 
          -0.528390739          -4.821602153           3.398530686     H 
           0.894625090          -3.359556332           0.001222061     O 
          -0.305373630          -2.015264354          -0.205049809     H 
$end
