$coord
          -0.765593284           2.139368824           1.544412369     C 
           1.123637950           3.361795755           0.726262748     O 
          -2.562783374           2.714937688           3.335602672     C 
          -0.613943892          -0.055636603           0.482037526     H 
           3.039614397          -2.372381729          -0.914318136     C 
          -1.691318415           3.083998217           5.277862577     H 
          -4.654784601           2.274507437           3.217811057     H 
           0.685771820          -2.458749252           0.196259591     O 
           3.849123348          -4.392122952          -1.139856431     H 
           2.668231940          -2.083246243          -3.014555175     H 
           4.618778993          -0.698863032           0.248033897     O 
           6.107222164          -1.366029569           0.557092043     H 
$end
