$coord
          -1.603241075           4.074007871          -1.176148513     C 
          -3.241896917           5.146432869          -2.300223537     O 
           0.253057662           2.712674089          -0.225062151     C 
           4.873065255          -1.366001585           0.627290972     H 
           2.094146298          -2.384468664           2.785572893     C 
           2.357355327           3.141361556          -0.295500717     H 
          -0.245072264           1.552413944           1.322054709     H 
           3.055783409          -0.969389560           0.736931609     O 
           2.480188416          -1.464313256           4.796904566     H 
           0.013750800          -2.532445548           2.336202963     H 
           3.167378083          -4.706877860           2.631376196     O 
           4.037823280          -4.852468312           0.928422116     H 
$end
