$coord
           2.073870965           3.258769840           1.127334241     C 
           4.208896563           3.121215695           0.391094467     O 
          -0.093626628           1.810751429          -0.053429887     C 
           1.869410528           4.241353668           3.063919757     H 
           0.561416026          -0.978499714          -0.985407428     C 
          -1.209687743           2.972685813          -1.374767880     H 
          -1.588746212           1.314459030           1.407242666     H 
          -0.004339161          -2.876930358           0.945716849     O 
           2.674131241          -0.932920913          -1.478126758     H 
          -0.570795314          -1.751374519          -2.505028943     H 
           1.201217995          -2.350140757           3.190124921     O 
           0.439748223          -0.848646639           4.034805291     H 
$end
