$coord
           0.450963348           3.778291258           0.921233070     C 
           1.661330242           5.234475533          -0.280020929     O 
           0.518976877           1.032789082           0.457016122     C 
          -0.348905014           4.250705836           2.908801490     H 
           0.694021535          -0.926593920           2.611488856     C 
           2.285113131           0.760729324          -0.510223236     H 
          -1.041545923           0.232071420          -0.717820424     H 
           1.331728895          -3.426142473           1.788582985     O 
          -1.120377115          -1.021451081           3.641463276     H 
           2.055434162          -0.122334356           4.041749933     H 
           2.709609481          -3.358375730          -0.573766756     O 
           2.127905730          -1.549294978          -1.182681953     H 
$end
