$coord
          -0.581228867           4.696337227           2.479264425     C 
          -0.751767025           6.491860814           1.295911891     O 
          -0.405422915           2.718316450           3.756682722     C 
           3.202348083          -4.664050426           1.523511432     H 
           1.709433278          -3.043175898          -1.370586117     C 
           1.119472133           3.265556711           5.215618139     H 
          -1.373198843           0.946842724           4.028904014     H 
           1.909371478          -5.323018773           0.338401358     O 
           1.483692098          -4.248927649          -3.084452359     H 
           0.078271047          -1.737511585          -1.108602963     H 
           3.967198910          -1.632811795          -1.202690078     O 
           5.092202790          -2.564354661          -2.234252444     H 
$end
