$coord
           2.484633087           2.467548140           0.829895192     C 
           1.709583942           2.872788641           2.932551931     O 
           0.899262708           1.200970446          -1.384472792     C 
           4.609786496           2.566876005           0.409293313     H 
          -1.077788431          -0.322733379           0.121751460     C 
           2.045774216          -0.049237054          -2.715813856     H 
           0.090482727           2.768028221          -2.531146784     H 
           0.312743207          -2.274705743           1.552850271     O 
          -2.310426600          -1.547242364          -1.127222074     H 
          -2.086106918           0.906096863           1.402243152     H 
           3.022442292          -1.740697617           1.412789916     O 
           3.567163687          -2.879052584          -0.128097410     H 
$end
