$coord
           0.618027833           4.132977331           0.372519882     C 
           0.682530908           5.280671248           2.368522096     O 
           1.841278675           1.648358656           0.135712211     C 
          -0.471880101           4.869343897          -1.230505911     H 
           0.286223837          -0.699832992           0.761730337     C 
           3.362383733           1.411650814           1.491002213     H 
           2.616008427           1.339815717          -1.738345349     H 
           2.305494331          -2.401441662           1.064187536     O 
          -0.754262991          -0.992464150          -0.998492737     H 
          -0.758265349          -0.328097674           2.456905653     H 
           1.613297229          -5.151657124           0.669716980     O 
           2.607602537          -5.638577012          -0.623652674     H 
$end
