$coord
          -2.126689704           3.281453320          -1.205324345     C 
          -3.957725728           4.271317581          -1.881870564     O 
          -0.360616864           2.093763281          -0.079551146     C 
           6.111775892          -1.628431683          -0.266405510     H 
           3.063324289          -2.726476073           1.961600555     C 
           0.022651882           2.253033148           1.864668754     H 
           0.912325214           0.680352229          -1.068888923     H 
           4.311845781          -1.991460211          -0.340759224     O 
           1.292955833          -3.659643671           1.149174562     H 
           4.227819007          -4.322607477           2.821989594     H 
           2.412511528          -0.956455757           3.775520458     O 
           0.633476796          -1.105596408           4.359600140     H 
$end
