$coord
           0.795148111           4.286756283          -0.307468833     C 
           2.612383255           3.448178577           0.673226992     O 
          -0.722513854           5.497337592          -1.759369410     C 
           2.433547142          -5.655025555           0.453282020     H 
           1.033265140          -2.283003734           1.563762357     C 
          -0.044655113           5.567915310          -3.661787327     H 
          -2.799687890           5.605570022          -1.280204442     H 
           1.929164792          -3.971936017          -0.272076944     O 
           1.884100478          -0.365256145           1.298752379     H 
          -1.016758949          -2.040655696           0.814548080     H 
           1.031800979          -3.491395527           3.951824404     O 
           1.336705115          -2.459212893           5.348836125     H 
$end
