$coord
           2.086342425           2.801127359           0.759810929     C 
           4.066708248           2.119993298          -0.130360867     O 
          -0.353839930           1.700177603          -0.293511380     C 
           1.885380074           3.482776821           2.757470119     H 
           0.319932305          -1.062494862          -0.832320499     C 
          -0.884013049           2.912134628          -1.961558984     H 
          -1.912179526           1.581273462           1.193425430     H 
           1.522793355          -2.322879760           1.282149313     O 
           1.891191962          -0.925426320          -2.277158709     H 
          -1.221741853          -1.989337131          -1.569621922     H 
           0.232266133          -1.266034518           3.715682171     O 
           1.465672140          -1.244255100           5.010921225     H 
$end
