$coord
           0.364232295           3.670272397           1.029189145     C 
           1.298329440           3.730907463          -1.176834898     O 
           1.128465287           1.695647210           3.183894219     C 
          -1.367653662           4.950973400           1.370083662     H 
           2.404047163          -0.464872042           1.688871406     C 
          -0.422435861           0.740116921           4.181556476     H 
           2.340963721           2.601318366           4.525574556     H 
           0.696251008          -1.757192656           0.272546410     O 
           3.465434095          -1.574684137           3.140494988     H 
           3.958776945           0.321424251           0.596328846     H 
           1.322241011          -4.275901739          -0.378419278     O 
           2.163765630          -5.431696391           0.843189714     H 
$end
