$coord
          -0.436661662           5.544537989          -1.375602342     C 
           1.710257941           5.932094860          -1.124140303     O 
          -2.791660361           5.164046253          -1.716806523     C 
           0.646393906          -3.665752822           4.956969160     H 
           1.839931805          -4.288739155           1.576067508     C 
          -3.052600561           4.492067589          -3.570327877     H 
          -4.439103306           4.873860972          -0.331885962     H 
           1.068887916          -5.142236905           3.920066655     O 
           2.262649551          -5.936039417           0.431448915     H 
           0.657440207          -3.101063204           0.486838491     H 
           4.181841606          -3.042656581           1.738971171     O 
           3.978049176          -1.264473139           2.270851000     H 
$end
