$coord
          -1.002955473           3.496305497           1.729437688     C 
          -0.810379126           5.742237664           2.264079421     O 
           1.486419371           2.084252519           0.625969162     C 
          -2.885565466           2.525044137           1.944695498     H 
           1.380534355          -0.651184783          -0.442097507     C 
           3.271002974           2.683592351           1.676027930     H 
           1.638719698           3.183749795          -1.065220719     H 
           3.055845373          -2.602639799           1.081578614     O 
           2.471275225          -0.453898917          -2.340553019     H 
          -0.419370116          -1.689967135          -0.522866110     H 
           2.660273900          -5.042940617           0.336909536     O 
           3.642197233          -5.333852584          -1.229661947     H 
$end
