$coord
           1.433724437           2.572103848          -0.094701762     C 
          -0.625912551           2.923748965          -1.029508270     O 
           1.939479458           1.847769477           2.752998912     C 
           3.160838864           2.536021564          -1.121846098     H 
           3.255683792          -0.777761787           2.362043542     C 
           0.072848635           1.487075756           3.641435271     H 
           3.027076111           3.496934025           3.428332980     H 
           1.941927126          -1.755721461           0.164304968     O 
           3.356965213          -2.343700100           4.002935556     H 
           5.072462756          -0.219431763           1.764020645     H 
          -0.446429082          -2.791722943           0.518444911     O 
          -1.394738527          -1.221527209           0.738492978     H 
$end
