$coord
          -2.728305261           1.271798370          -0.670771590     C 
          -1.683653367           2.054947894           1.127105914     O 
          -3.982878112           0.513246517          -2.636240118     C 
           1.621964257           2.500296882           1.362779915     H 
           3.462765950          -0.672494105           2.573133077     C 
          -5.589233301           1.729869041          -3.317368709     H 
          -3.976642617          -1.608640409          -2.960793424     H 
           3.272443936           1.609841242           1.190611133     O 
           4.867836531          -0.343971016           4.317115175     H 
           1.866473285          -1.905511685           3.181891633     H 
           4.865070475          -2.214813730           0.801475089     O 
           6.526652548          -1.468186567           0.428083996     H 
$end
