$coord
          -1.960263190           4.050747220          -0.346498562     C 
          -2.345991327           3.291090690          -2.387272548     O 
          -1.765467879           5.564022155           1.548652033     C 
           1.932837643          -0.610582127           2.335600753     H 
           4.031794949          -3.260851748           0.584196450     C 
           0.000450474           6.404576135           1.949348435     H 
          -2.162921343           4.940785077           3.500325769     H 
           2.417485425          -1.002131282           0.628052913     O 
           3.510147041          -4.295397063          -1.145912077     H 
           6.145497156          -2.617265744           0.330570138     H 
           3.602386367          -4.725417495           2.665637584     O 
           2.001892118          -5.649058491           2.276970675     H 
$end
