$coord
          -3.136510381           0.945031995          -0.477362912     C 
          -1.381671842           0.378409757          -1.741951085     O 
          -5.255615760           1.630873091           0.547363442     C 
           1.432717243           0.042407504           0.543368690     H 
           4.805933192          -0.939455371           1.522591761     C 
          -6.686778790           0.182703904           0.794163576     H 
          -5.544510588           3.525962195           0.638525898     H 
           2.235992024          -1.079057081           1.834242212     O 
           5.413484853          -1.514339619           3.373518722     H 
           5.792992677          -2.587125477           0.200789550     H 
           5.794947021           1.392713807           1.028770050     O 
           5.131026595           2.128966011          -0.516829380     H 
$end
