$coord
          -0.852827148           3.529748072           1.213290815     C 
          -1.527510276           3.417064608          -0.866331289     O 
          -0.468448256           4.078812250           3.639097726     C 
           3.361406713          -5.440914801           0.263910182     H 
           1.625764172          -2.295051874          -0.374425574     C 
           1.436401633           4.563407415           4.105995493     H 
          -1.231089547           2.679550285           4.941028159     H 
           3.037622778          -4.457531226          -1.270726634     O 
           1.461440186          -1.246202458          -2.099186908     H 
          -0.260165400          -2.921982025           0.273284041     H 
           2.679627909          -0.630819807           1.396102730     O 
           4.318990924          -0.218596267           0.599428465     H 
$end
