$coord
          -1.545674322           4.784072129          -1.154147021     C 
          -2.296050237           4.598889543          -3.140057510     O 
          -0.776858617           5.771035966           0.961846823     C 
           2.588542721          -5.928586569           0.172469677     H 
           3.176880886          -2.776259852           2.055391238     C 
          -1.532605583           5.189103390           2.750683314     H 
           1.250739906           6.132376032           0.950678247     H 
           3.664235603          -4.464776554           0.120140872     O 
           4.852677858          -1.853732717           2.156834462     H 
           1.825151228          -1.475295712           1.338798535     H 
           2.796958656          -3.781805513           4.300235733     O 
           1.509435246          -4.974284127           4.037048784     H 
$end
