$coord
          -2.143365457           2.533612898          -1.753416175     C 
          -0.048705358           1.798097399          -1.370180380     O 
          -4.547729912           2.923291354          -1.707806544     C 
           4.505099437          -3.117590555           0.087682400     H 
           3.809699647          -0.464274684           2.632951327     C 
          -4.793415145           4.329716150          -0.407294567     H 
          -5.777239920           1.838897406          -2.736703935     H 
           5.348807827          -2.501872366           1.567491748     O 
           4.882830105          -0.195141087           4.367818073     H 
           4.069193979           0.948773136           1.253788617     H 
           1.304701771          -1.005080173           3.098291664     O 
           0.665343831          -2.052550029           1.718097397     H 
$end
