$coord
          -4.432495267           1.173192624           0.126638406     C 
          -6.535067711           1.233720020          -0.554013164     O 
          -2.073293375           1.150314500           0.499107668     C 
           5.590179153           1.803321870          -1.391747623     H 
           4.010473583          -0.382028410           1.179991315     C 
          -1.086174288           1.957093551           2.097523392     H 
          -1.196302920          -0.496651702          -0.618661059     H 
           4.732967093           1.897906327           0.342704497     O 
           3.447009607           0.138403062           3.121809565     H 
           2.686168327          -1.164935696           0.027712797     H 
           6.010429255          -2.197498556           1.251981218     O 
           5.440503530          -3.732749016           0.506549612     H 
$end
