$coord
          -2.155500288           3.620122337          -1.317383505     C 
          -3.086451251           5.162224924          -2.655775186     O 
          -1.341269982           1.721139220           0.076328893     C 
           2.544657760          -1.378972912           4.788233491     H 
           3.961087040          -2.899383917           1.590861388     C 
          -0.068368565           1.874707986           1.664078974     H 
          -2.964570428           0.468239004          -0.279766681     H 
           3.386328966          -2.925637068           4.072018042     O 
           5.925651815          -2.931900265           1.075387587     H 
           2.976604710          -4.713531663           0.891657165     H 
           2.748098345          -0.853110222           0.382724423     O 
           0.930100886          -1.118621801           0.232247231     H 
$end
