$coord
          -1.138714739           3.220388003           0.088930330     C 
          -2.405393872           3.470301444           1.901300440     O 
           0.435197510           2.760557146          -1.790094986     C 
           5.822794382          -2.467910366           2.231864729     H 
           2.164826637          -2.327168576           1.965310794     C 
           2.485497287           2.943726037          -1.628170589     H 
           0.074094508           2.632076229          -3.763994644     H 
           4.495853856          -1.474275572           2.711478304     O 
           1.584166498          -4.246241517           2.846275277     H 
           0.837828121          -0.754379440           2.662428960     H 
           1.694019846          -2.648180824          -0.684972026     O 
           0.966593322          -1.060340159          -1.442950709     H 
$end
