$coord
           0.354594284           2.192111417           1.263527436     C 
          -1.722497449           2.610022751           0.367011435     O 
           2.795060999           2.070745102          -0.535070499     C 
           0.904994996           2.196393049           3.385116243     H 
           3.093154615          -0.798518968          -0.623873340     C 
           4.612624822           2.810772301           0.355500433     H 
           2.464816355           3.331339062          -2.213148330     H 
           2.703428061          -1.678332349           1.870917542     O 
           4.955562045          -1.440557311          -1.284519227     H 
           1.691671717          -1.504726625          -1.996071006     H 
           0.024513200          -2.023401691           2.530433430     O 
          -0.774620745          -3.699418600           2.459651446     H 
$end
