$coord
           0.015086866           5.883332082           0.412635647     C 
          -1.879486969           6.269973046           1.300035360     O 
           2.292273942           5.433542447          -0.284953722     C 
           1.519492443          -1.959059697           2.837727182     H 
           2.148313263          -4.398899871           0.074580797     C 
           3.991528172           4.804490252           0.539619098     H 
           2.599754363           5.068334077          -2.290207374     H 
           1.678275786          -1.939037700           0.946638159     O 
           1.824278606          -4.340895704          -2.005603248     H 
           4.257053331          -4.722157817           0.297940119     H 
           0.957668904          -6.505593380           1.311527487     O 
          -0.793483092          -6.311359915           1.743687504     H 
$end
