$coord
           0.144352330           3.346663419           2.307613004     C 
          -0.856041543           5.394990952           2.368749646     O 
           0.102945109           1.706307525          -0.088930758     C 
           0.854543040           2.368621947           4.131928348     H 
           2.422872954          -0.255179655          -0.505090132     C 
          -0.040995080           2.850216635          -1.937515252     H 
          -1.769563973           0.734087296          -0.031124773     H 
           1.682239851          -2.773191036          -0.017028085     O 
           3.737115589           0.248398694           0.967695774     H 
           3.063536994           0.092065810          -2.310818936     H 
           3.468130311          -4.498356132           0.923231319     O 
           2.647854049          -5.631174301           2.143917917     H 
$end
