$coord
           0.685666705           5.264013060          -2.136442410     C 
           0.074465132           6.647719822          -0.543231677     O 
           1.354927429           4.159082609          -4.190171613     C 
          -1.557141420          -4.476960238           3.331213087     H 
           1.881788952          -3.099866576           3.591075429     C 
          -0.059059801           3.248515245          -5.229486875     H 
           3.112663794           3.492179745          -4.706865655     H 
          -0.545333531          -4.031817798           4.739239356     O 
           1.274020839          -1.298323231           2.782835276     H 
           3.063656103          -2.719633927           5.299979610     H 
           3.183469928          -4.798579558           2.076112562     O 
           2.529738047          -4.635599250           0.350931376     H 
$end
