$coord
           0.461125451           3.839358502           0.443928826     C 
           0.590397496           5.061806049           2.295466081     O 
           2.443970940           1.791538156          -0.366160370     C 
          -1.369590480           3.877393096          -0.665753371     H 
           1.191847645          -0.436601588           0.889353982     C 
           4.286962053           2.195119702           0.516964615     H 
           2.608406851           1.191707375          -2.445897249     H 
           1.693465239          -2.927044819          -0.259757806     O 
          -0.892846675          -0.047349719           0.719618857     H 
           1.694768428          -0.566177290           2.876490115     H 
           1.132762344          -4.749209737           1.688912684     O 
           1.856903946          -4.206850053           3.284966591     H 
$end
