$coord
          -1.194216520           4.655952996           1.018732852     C 
          -1.597018250           3.052114600           2.785586288     O 
           1.386891051           5.123278562           0.796269278     C 
          -2.298205219           5.431002462          -0.438762279     H 
           2.643329756          -3.348161658          -0.728072647     C 
           2.021156110           5.546812405          -1.087599541     H 
           2.440215737           4.915788446           2.555627864     H 
           3.798025836          -1.584135760           0.504195957     O 
           0.751211099          -2.673644798          -2.282691036     H 
           3.609560380          -4.419922070          -2.780785196     H 
           1.633273189          -5.134985221           0.996667928     O 
           2.239324424          -3.854881359           2.576554386     H 
$end
