$coord
           0.252005730           4.024819858           1.542751973     C 
           1.270898215           5.581349351           0.099611722     O 
           1.446407360           1.598343481           2.119942116     C 
          -1.555678945           4.615905347           2.442823007     H 
           0.432633107          -0.888252453           0.712142326     C 
           1.215894745           1.318569451           4.200900010     H 
           3.566019010           1.612570124           1.558485911     H 
           2.174523514          -2.710437437           1.307280986     O 
           0.283487255          -0.634580796          -1.400887115     H 
          -1.625682418          -1.399394744           1.341983332     H 
           2.090960858          -4.871975823          -0.550712090     O 
           0.625760426          -4.558442135          -1.647859837     H 
$end
