$coord
          -1.448311092           4.729392794          -0.857553679     C 
          -0.928123520           6.614909047           0.178966757     O 
          -1.706185683           2.543934198          -2.010181714     C 
           5.882217251          -2.507533133           1.956099103     H 
           2.388149788          -3.381977326           1.070462478     C 
          -2.790730678           1.078186289          -1.236105247     H 
          -0.607895103           2.495896318          -3.730271713     H 
           4.381685364          -1.691276921           1.322013204     O 
           0.724726359          -2.280998235           0.416239144     H 
           2.739878216          -4.817883776          -0.401812503     H 
           2.018085834          -4.598979114           3.471623030     O 
           0.359326805          -4.089150073           4.235448352     H 
$end
