$coord
          -0.631073326           3.058460257          -0.003734190     C 
          -1.671784179           2.901184970           2.001251385     O 
           0.314906113           2.361753151          -2.082947006     C 
           3.796919047          -3.372849811          -1.091010111     H 
           1.831183450          -2.242442237           1.779161188     C 
          -0.657381414           0.919573385          -3.220118626     H 
           1.526033472           3.460757750          -3.279081614     H 
           2.085463502          -2.830071750          -0.750976285     O 
          -0.124822560          -2.671258948           2.408318793     H 
           3.005158302          -3.639958757           2.888983078     H 
           2.673601984           0.089275286           2.782329062     O 
           3.272028460           1.389017238           1.761821417     H 
$end
