$coord
           1.315327794           4.555769379           0.644343116     C 
           3.476219504           4.491531181           0.298543118     O 
          -1.056426142           4.298347850           1.486399311     C 
           0.691821459          -5.170885453           3.158394820     H 
           1.913731607          -3.407463382           0.115308685     C 
          -2.642399373           4.229742261           0.343808107     H 
          -1.618962935           5.221448979           3.284584717     H 
           1.664980432          -3.627824035           2.786172074     O 
           3.557999819          -1.979429596          -0.201906885     H 
           2.726219155          -5.036392100          -0.758093276     H 
          -0.372679641          -2.497951084          -0.805501787     O 
          -0.631572491          -3.105801092          -2.501606691     H 
$end
