$coord
           0.467500297           2.394499842           0.982964369     C 
          -0.161295157           2.969392100          -1.254264368     O 
           3.039258896           1.909248394           2.098023570     C 
          -0.831992463           1.569792378           2.436081866     H 
           2.694894831          -0.995364572           2.650322156     C 
           2.907417997           3.118874199           3.706297531     H 
           4.860502348           2.072464549           1.155000149     H 
           2.225835476          -2.302454821           0.223342988     O 
           0.896183191          -1.064390913           3.670766654     H 
           4.304330277          -1.748683716           3.698434815     H 
          -0.587931113          -1.880790692           0.090227919     O 
          -1.129264575          -1.486821357          -1.730020623     H 
$end
