$coord
           0.830877062           2.807621744           1.245908772     C 
          -0.754246561           2.344291543          -0.260485311     O 
           3.446745762           1.442251617           1.204758163     C 
           0.469109289           3.854971253           3.197346800     H 
           2.785052584          -1.194933467           2.471915480     C 
           4.975053426           2.614313302           1.957543234     H 
           3.842550025           1.403541860          -0.747741960     H 
           0.377550663          -1.756436286           1.523191424     O 
           2.239120504          -0.847869993           4.488470672     H 
           4.228271187          -2.891909964           2.266197238     H 
           0.674543903          -1.781360322          -1.159896679     O 
          -0.491078162          -0.312877207          -1.718561624     H 
$end
