           2           1   1.87736961651370     
           3           1   1.00830861948864     
           4           1  0.931785433073778     
           5           3  0.980000972914387     
           6           3  0.941849838297124     
           7           3  0.959278683844766     
           8           5  0.987122659117835     
           9           5  0.948037720972125     
          10           5  0.966233278662115     
          11           8  0.970156465271859     
          12          11  0.894928329189867     
