 -1.0
  0.41642386672395D+01  0.11921133006754D+01  0.23371103283938D+01  0.32052104922398D-03 -0.19844058695903D-03 -0.13996358909959D-04
  0.39807174534880D+01  0.11852448421750D+01  0.45752130142595D+01 -0.12859549640950D-03  0.18784250662463D-03 -0.17709146538318D-03
  0.38057532843025D+01 -0.83473473249162D+00  0.56306337724348D+00  0.38629493400632D-03 -0.14173593269776D-03 -0.11705167893577D-03
  0.44332582827544D+01  0.30931127504126D+01  0.12536203296087D+01 -0.12336946165985D-02  0.54014934520184D-03  0.13991836466029D-02
  0.85512484378879D+00 -0.60375405791182D+00  0.57201693206132D-01 -0.17387626788419D-04  0.19475044318073D-03  0.19883653945757D-03
 -0.58454094351099D+01 -0.77535423799874D+00 -0.25261473877209D+01  0.79741851780515D-03  0.83552952204155D-04 -0.91038510463553D-03
  0.45623275401917D+01 -0.21984559123368D+00 -0.11736530281101D+01 -0.71680019492157D-03 -0.45680964772606D-03 -0.43564486522946D-05
 -0.15352498835184D+00  0.10185578649113D+01 -0.11731373870955D+01 -0.28922026228480D-03 -0.15455626300333D-03  0.97790763660796D-04
  0.45077001111793D+01 -0.26551016801891D+01  0.12923204769442D+01 -0.38682303676738D-04 -0.38875419342820D-03 -0.99996894282226D-03
 -0.27070955841814D+00 -0.18036646158410D+01  0.14038685639521D+01  0.10574748364758D-04 -0.68517264440829D-04  0.12378177280680D-02
 -0.43958685408325D+01 -0.18762495152635D+01 -0.19379213201664D+01  0.14239404424428D-03  0.12835227317620D-03 -0.16969480490577D-03
 -0.45807040742620D+01 -0.34682709866264D+01 -0.27394131629681D+01 -0.75588705649902D-03 -0.12932453235899D-03  0.86249462938261D-03
