$coord
           1.913638176           1.190537188          -0.431600875     C 
           3.900086676           1.220773198          -1.606532891     O 
           1.300739601          -0.795496691           1.468233829     C 
           0.191669343           2.721391233          -0.613454234     H 
           3.234046652          -0.941295909           3.608502853     C 
          -5.479043790          -0.489647019          -2.428156874     H 
          -0.696928723          -0.401593847           2.184716156     H 
           2.844779499          -1.622721785           5.714351757     O 
           1.497825826          -2.607359840           0.197592400     H 
           5.269323769          -0.817283575           2.884638609     H 
          -5.178359605           0.232632845          -4.182063099     O 
          -4.767820517           1.989720628          -3.834783534     H 
$end
