$coord
           4.357199064           1.441472917           0.348089107     C 
           3.938943476           3.687833984           0.331174046     O 
           3.005194227          -0.721463164          -0.958893321     C 
           5.516580704           0.469068710           1.786463820     H 
           0.918550270          -1.432006547           0.884765287     C 
          -6.433851841           0.977132998           0.442010430     H 
           2.382367202          -0.435589151          -2.858090020     H 
           0.878725643          -2.896109910           2.610672423     O 
           4.538015111          -1.975155744          -0.794027832     H 
          -1.035347969          -0.744453472           0.178739567     H 
          -5.219510074          -0.409285952           0.071786267     O 
          -6.162389053          -1.865600639           0.617225707     H 
$end
