$coord
           1.158167642           2.138444685           1.984731620     C 
          -0.515732998           3.553365845           1.423595620     O 
           0.971640575          -0.574039937           2.965794180     C 
           3.118226941           2.867319119           1.864564734     H 
           2.847937200          -1.963590718           1.397226997     C 
          -0.885854755          -1.427221693           2.789199294     H 
           1.717936281          -0.348504186           4.819216310     H 
           1.904421443          -1.591090742          -1.054452084     O 
           2.597587854          -4.036430092           1.623962720     H 
           4.861869102          -1.642705809           1.871193399     H 
           0.910510045           0.852589104          -1.539354479     O 
          -0.830406515           0.762133712          -0.882201186     H 
$end
