$coord
          -0.344966603           1.901750047           1.830159318     C 
           1.471740052           3.464644138           1.831977073     O 
          -0.064870879          -0.737559844           2.513246935     C 
          -2.424185957           2.279923685           1.614423756     H 
           2.565826031          -1.267045392           1.871367940     C 
          -1.137194196          -2.272572362           1.425944954     H 
          -0.591097523          -0.872378828           4.503974181     H 
           3.120931750          -0.833093078          -0.635404410     O 
           2.630571063          -3.413739628           2.167997970     H 
           3.616210687          -0.476116189           3.552906319     H 
           0.861839669          -0.117371237          -2.199068633     O 
           0.189566718           1.555240910          -1.722371140     H 
$end
