$coord
           2.249310763          -1.761722533           1.741465091     C 
           1.651509247          -3.937055374           2.325467202     O 
           0.725614510          -0.303968852          -0.447209763     C 
           3.275322981          -0.389608341           2.957687511     H 
           2.443488961           1.073892703          -2.580331509     C 
          -3.623891598           1.369651537           3.342604122     H 
           0.037241196          -1.207323228          -2.033575578     H 
           4.580951015           0.588642220          -3.570377372     O 
          -0.020460031           1.329557218           0.139394273     H 
           1.559246470           2.837454047          -3.113526296     H 
          -4.758841941           2.549545342           4.173740064     O 
          -3.176017522           2.823374305           5.098602144     H 
$end
