$coord
           2.923300697           2.521020720           1.765886603     C 
           4.924827383           1.755300484           0.285758017     O 
           0.839325534           1.413914638           2.601104360     C 
           3.170051992           4.539484150           2.455459703     H 
           0.038547333          -1.162820287           1.796029343     C 
          -1.900845884          -2.400140461          -3.585831166     H 
          -0.623053229           2.636595486           3.419592265     H 
          -0.493337918          -0.753811939          -0.632839645     O 
          -1.794972797          -1.875042359           2.494644492     H 
           1.352938589          -2.761595358           2.235588720     H 
          -1.972138131          -2.827236653          -1.753151926     O 
           6.324218905           1.687164537           1.580365295     H 
$end
