$coord
           1.286289911           3.524291925           1.394820772     C 
           1.761236738           5.372940130           0.036031732     O 
          -0.108539021           1.227677196           0.314392088     C 
           1.471723598           3.652523496           3.504167990     H 
           0.027739520          -1.191841152           2.212301752     C 
           0.770828027           0.405596622          -1.392587563     H 
          -2.026457852           1.940798844           0.038417364     H 
           2.239406840          -2.452188902           1.902969190     O 
          -1.613010258          -2.511627394           2.009018665     H 
           0.335413058          -0.140403912           4.247526619     H 
           2.313069518          -3.375522899          -0.787813369     O 
           2.626991225          -5.201250888          -0.418354355     H 
$end
