$coord
           1.236149714           2.137053937           2.755345725     C 
           3.355802635           1.168208273           3.747106502     O 
           0.429212215           1.950766100           0.345806530     C 
           0.128471251           3.242693027           4.122491050     H 
           1.896767098           0.379078746          -1.695185739     C 
          -2.609513696          -2.747774197           0.295067584     H 
          -1.497778229           2.664479645           0.079680517     H 
           0.197240340          -1.838562721          -1.961730338     O 
           3.764410205          -0.184915227          -1.202079806     H 
           1.926632171           1.232991934          -3.640604550     H 
          -0.736355650          -2.893917887           0.474750274     O 
           4.804656801           1.994409452           2.865949684     H 
$end
