$coord
           1.944953349           2.510588713           3.427773871     C 
           4.440001781           2.903972415           3.686387905     O 
           0.436347444           1.705796431           1.452248030     C 
           1.096660623           3.470256858           4.970583005     H 
           1.245740987          -0.186043091          -0.749141193     C 
          -1.469631319          -4.531086586          -3.600132019     H 
          -1.610278333           1.869559432           1.790529394     H 
           0.158371639          -2.631602255          -0.727949094     O 
           3.321628278          -0.497375986          -0.668945866     H 
           0.657817926           0.465001844          -2.662317300     H 
          -1.894718698          -3.139846657          -2.621217560     O 
           5.431465641           2.669271833           2.205464212     H 
$end
