$coord
           1.343487831           2.116055812           2.305782037     C 
           1.107848881           3.777289195           0.790587396     O 
          -0.276817082          -0.273455058           2.850245339     C 
           3.311707689           2.143475571           3.611084703     H 
          -0.508807400          -1.447431249           0.209693015     C 
          -2.200908910           0.114387259           3.714028851     H 
           0.858966115          -1.466005117           4.152958304     H 
           1.567355227          -0.861672861          -1.282659022     O 
          -2.067547992          -0.809790241          -0.948798787     H 
          -0.738199541          -3.386148972           0.627866437     H 
           3.886065389          -0.865051851           0.077933027     O 
           3.963655921           0.875963614           0.752591305     H 
$end
