$coord
           2.151798331           2.083315103           2.480716585     C 
           2.880015436           4.131471546           2.907763139     O 
          -0.604745581           0.954494794           2.022839303     C 
           3.558721978           0.455695841           1.987592091     H 
           0.282754553           0.590111409          -0.810180466     C 
          -2.334477080           1.951864536           2.435428135     H 
          -0.816000054          -0.969081799           2.785466436     H 
           0.391934063          -1.954609523          -1.692301572     O 
           2.355431520           0.930572068          -1.223573424     H 
          -0.828035870           1.564261302          -2.220410731     H 
           2.060874843          -3.438416135          -0.112254203     O 
           1.961028439          -2.738942539           1.668248342     H 
$end
