$coord
           1.732332409           1.153928847           1.383219101     C 
           2.901498123           2.163718868          -0.314451962     O 
           2.750420029          -0.830867997           3.162849014     C 
          -0.025645859           1.971964654           2.204012199     H 
           3.431724499          -3.222972003           1.570401509     C 
          -5.592207564           1.169593751          -2.463061309     H 
           4.496070542          -0.023262574           3.998214954     H 
           3.627909297          -3.302039187          -0.707700413     O 
           1.587178004          -1.231047667           4.810559125     H 
           3.395243075          -5.020636798           2.752729267     H 
          -6.043393184           2.597979467          -1.386803557     O 
          -4.887486898           4.003478986          -1.759917494     H 
$end
