$coord
           2.780996520           2.486127581           1.703864147     C 
           2.966702192           2.265685329          -0.760754107     O 
           1.427867535           0.802468830           3.171068819     C 
           4.081419302           3.804730394           2.548171146     H 
          -0.877707246          -0.368099166           2.046830454     C 
          -0.016746936          -3.490782663          -3.104908319     H 
           2.045772850           0.384329703           5.174201579     H 
           0.431065711          -2.218205219           0.364067314     O 
          -2.161030342           1.120777712           1.303568733     H 
          -1.961056324          -1.461369326           3.351229757     H 
          -0.390191233          -1.905773744          -2.234630420     O 
           2.601545323           0.528023114          -1.215378035     H 
$end
