$coord
           1.225938386           2.675024592           1.062115927     C 
           2.646242953           1.471099870           2.963607616     O 
           1.347057034           1.501275975          -1.170725385     C 
          -0.249996052           3.884536437           1.839414216     H 
           2.130972026          -1.273526256          -1.039163196     C 
          -1.012911758           0.107660625           1.528540721     H 
           0.249063873           2.130647929          -2.986069744     H 
          -0.426308848          -2.476912685          -0.739730643     O 
           3.405850967          -1.701671406           0.640857432     H 
           3.354072544          -1.626029430          -2.690200418     H 
          -1.464694310          -1.711142618           1.657575669     O 
           4.005989438           2.587351545           3.429922736     H 
$end
