$coord
           2.878305943           1.100271722           1.615642942     C 
           0.879335568           2.318232840           2.782907675     O 
           2.631526016           0.781852839          -0.921722182     C 
           4.750249607           1.189373062           2.515945831     H 
           0.240874613           0.172648193          -2.055137154     C 
           0.522377596          -1.869574050           3.174672696     H 
           4.346350968           0.544067438          -2.032179367     H 
           0.021958755          -2.213367621          -0.540536015     O 
           0.246840783          -0.422712074          -3.990714397     H 
          -1.433830443           1.256268043          -1.603269828     H 
          -0.804561899          -1.890760745           1.923197844     O 
           1.605344331           3.464583314           4.067465634     H 
$end
