$coord
           4.818450214           1.403052102           1.071975638     C 
           6.501491158           0.104322010           0.359523867     O 
           2.629124915           0.733699845           2.965801596     C 
           4.478793477           3.368795568           0.344155838     H 
           0.536700710           0.450335324           1.089681781     C 
          -6.018968531          -0.411792597          -2.174302346     H 
           2.931842464          -1.224546800           3.716463876     H 
           0.255210522          -1.114654877          -0.492498732     O 
           2.212116120           2.252098334           4.362997332     H 
          -0.974232753           2.231263255           1.065037510     H 
          -6.236343935          -1.875351796          -1.032283771     O 
          -5.227176513          -3.232047236          -1.768478448     H 
$end
