$coord
           2.542688537           2.918035709           2.187543331     C 
           5.040047033           2.038229776           1.460634366     O 
           0.603770039           1.472715616           1.657338790     C 
           2.330690104           4.768479094           3.008289749     H 
           0.933516676          -1.188684989           0.557753100     C 
          -1.261747300          -2.737567739          -2.960529186     H 
          -1.356930419           1.924272192           2.033560128     H 
          -1.138841857          -2.720469911           0.350509250     O 
           2.412962240          -1.973803841           1.703720608     H 
           1.786075623          -0.930437228          -1.487339842     H 
          -2.359435040          -1.724792432          -1.924442416     O 
           4.923634993           1.323276312          -0.328970859     H 
$end
