$coord
           2.195044216           1.872392141           1.690632010     C 
           0.214159368           2.153529681           3.467745676     O 
           2.550477914           0.859702112          -0.752536575     C 
           3.779687254           2.832816413           2.486517733     H 
           1.250455441          -1.077492168          -2.466378260     C 
          -1.896364262          -1.813320317           2.265051986     H 
           4.197473438           1.606220750          -1.861357553     H 
          -0.567279027          -2.635900106          -0.977435864     O 
           2.515243580          -2.583027974          -3.310617533     H 
           0.405227419          -0.125331652          -4.046014220     H 
          -0.159763415          -1.755415315           1.667796813     O 
           0.816569361           3.531989162           4.557787770     H 
$end
