$coord
           2.947309627           2.770708218           1.603772944     C 
           5.635157543           2.458242974           1.428491493     O 
           0.813131827           1.475623824           1.378808649     C 
           2.817934158           4.801750918           1.673464758     H 
           0.239726109          -1.323031281           1.559361282     C 
          -2.668344282          -0.559624852          -2.733158449     H 
          -0.798723663           2.600757339           1.018076381     H 
          -0.580744234          -2.711502789          -0.509482985     O 
          -1.022923978          -1.166013370           3.243690586     H 
           2.088328538          -2.376651382           1.928360534     H 
          -2.938695508          -2.063759339          -1.697779811     O 
           6.153928662           0.718893361           2.034282044     H 
$end
