$coord
           1.313358248           1.982455197           3.576079990     C 
           0.146055353           2.691870042           5.319057204     O 
           0.431022102           2.518509754           0.907667427     C 
           3.527231167           1.139117341           3.650144614     H 
           1.462162527           0.660538245          -1.102866487     C 
           1.218790128           4.208897494           0.017726524     H 
          -1.624335039           2.595110708           0.885394765     H 
           0.982172740          -1.816798425          -0.521946640     O 
           3.656325706           0.785402277          -1.136809900     H 
           0.704272710           1.234094583          -2.940565817     H 
           2.371197305          -3.646088038          -2.055346366     O 
           4.033314037          -2.835244749          -2.408374916     H 
$end
