$coord
           0.609829927           2.146480303           4.167244423     C 
           1.482062672           4.187743641           3.583972291     O 
           0.607912121          -0.158448226           2.243032477     C 
          -0.166381927           1.488153133           5.995149080     H 
           0.675068372           0.592928655          -0.510339701     C 
          -0.969978806          -1.607366562           2.736072612     H 
           2.314634403          -1.063052542           2.907491690     H 
           0.475411234          -1.491211499          -2.154363268     O 
           2.471579677           1.464286002          -0.685871330     H 
          -0.873929354           1.899663395          -0.995049545     H 
           3.117819275          -2.644523459          -2.057768401     O 
           3.963676763          -2.339559865          -0.390530890     H 
$end
