$coord
           0.908698665           2.264953144           4.138866626     C 
           1.950964997           3.979619238           5.149234079     O 
           0.417778031           2.328378837           1.163019184     C 
          -0.357399492           0.781336706           5.133304943     H 
           0.259403649          -0.203174617          -0.457001777     C 
           2.133063404           3.343161277           0.586055426     H 
          -1.419052375           3.325954851           0.671317019     H 
           2.186425387          -2.080785526          -0.866981450     O 
          -0.114725181           0.166428830          -2.539827372     H 
          -1.351113910          -1.166207735           0.591371751     H 
           1.862116646          -3.521473872          -3.330689158     O 
           1.844814019          -5.314190710          -2.847574916     H 
$end
