$coord
           2.190859652           2.822367956           1.297659417     C 
           3.572313283           1.658617469           3.234693114     O 
           1.432531615           1.961632041          -0.962637774     C 
           2.193785601           4.856124480           1.734306775     H 
           1.578006963          -0.954030613          -1.059418801     C 
          -3.386058730          -3.594292087           0.813109301     H 
           0.103315304           2.981636181          -1.927600167     H 
          -0.269606996          -1.975875747           0.933020208     O 
           3.505211121          -1.577840642          -0.767226253     H 
           1.194763123          -2.029100835          -2.804851424     H 
          -2.479107820          -2.441937975          -0.359720984     O 
           2.976494496          -0.073921192           3.200158225     H 
$end
