$coord
           2.278879548           1.327865423           0.458623611     C 
           0.367717827           2.389274734           0.219673958     O 
           3.282868431           0.185205593           2.948032415     C 
           3.483695595           0.982957076          -1.333793642     H 
           2.611607215          -2.718402376           3.123023814     C 
          -2.367498344          -0.274210964          -5.952575083     H 
           5.333699267           0.010762934           2.690275601     H 
           1.227968913          -3.628343364           4.644522354     O 
           2.529039495           1.452901863           4.482082575     H 
           3.358379626          -3.621732838           1.304331165     H 
          -2.711772635           1.472728244          -5.947618659     O 
          -4.046630381           1.875194558          -4.757537307     H 
$end
