$coord
           2.718587751           3.219348514           1.180022302     C 
           2.068028879           4.242974305           3.486537880     O 
           1.511038359           1.379101095          -0.447576713     C 
           4.089260344           4.478985685           0.374481860     H 
           1.354330647          -1.413704280          -0.064569133     C 
          -1.228407055          -6.133070850          -1.697421172     H 
           1.412274478           1.945076379          -2.409563809     H 
          -1.065242709          -2.538261351          -0.921140310     O 
           2.083124923          -2.017882397           1.691136010     H 
           2.874290547          -2.062655120          -1.505871031     H 
          -1.441509841          -5.199118909          -0.103180792     O 
           1.896115712           5.931142717           2.739985792     H 
$end
