$coord
           1.993072219           1.919536839           2.746530434     C 
           3.046108408           4.342721166           3.449944222     O 
           2.312245038           0.740224633           0.282863877     C 
           0.300227475           1.371553730           3.489674269     H 
          -0.177939891           0.207791758          -0.685286251     C 
           3.019214548          -1.318267761           0.969412391     H 
           3.722370968           1.722755430          -0.999280409     H 
          -0.809125623          -2.309727264          -0.174763465     O 
          -0.576487514           0.443790157          -2.562095744     H 
          -1.821856774           0.918246250           0.518917968     H 
           0.844978441          -4.005821732          -1.374557840     O 
           1.634622484           5.474034134           3.686824978     H 
$end
