$coord
           2.446767786           3.195640690           1.962274651     C 
           0.696955583           4.839479839           0.890374783     O 
           2.580534403           0.789991548           1.034727649     C 
           3.516140759           3.744921762           3.508203134     H 
           0.848794656          -0.645212373          -0.866143534     C 
          -1.141363882          -6.076370471          -1.191106162     H 
           4.029764867          -0.530609803           1.660512211     H 
          -0.718922795          -2.600048201           0.391693731     O 
           2.231704308          -1.991609344          -1.783645384     H 
          -0.529455153           0.516325647          -2.088409186     H 
          -0.146227478          -5.151584563           0.126327020     O 
           1.111313062           6.625561101           1.116578388     H 
$end
