$coord
          -0.367597573           2.293575665           1.080093062     C 
          -0.181747164           4.123111157          -0.328653032     O 
           1.591823763           1.327736612           2.942302326     C 
          -2.042005040           0.941524001           1.103023774     H 
           1.866754329          -1.523663259           2.612554441     C 
           0.588937413           2.041780228           4.573941630     H 
           3.544145049           2.254958307           2.557452762     H 
           1.010002297          -2.244434358           0.152911137     O 
           0.905771052          -2.402361491           4.265507382     H 
           3.863676789          -1.892180414           2.892900417     H 
           3.034616094          -1.591402066          -1.394866282     O 
           2.984915188           0.053852368          -1.928516015     H 
$end
