$coord
           0.582180285           1.357012609           0.363808620     C 
           0.659247736           3.663505780           0.147321949     O 
           2.650043118           0.080389272           1.973661269     C 
          -0.479966485          -0.148991048          -0.555636868     H 
           1.949328899          -2.509258642           2.926072814     C 
          -2.915970870           2.187723893          -4.732044532     H 
           4.378857725          -0.498149342           1.030474361     H 
           3.049923726          -4.015785622           4.280526856     O 
           3.362470069           1.691272917           3.120973504     H 
           0.170818989          -3.210987126           2.029189641     H 
          -1.833939395           0.689596740          -4.682627955     O 
          -2.743795129          -0.728922259          -4.121505172     H 
$end
