$coord
          -0.583185438           3.594821911           0.834388933     C 
          -0.901184199           4.602633027           2.865622398     O 
           1.676563981           1.917395328           0.639436031     C 
          -1.771377904           4.053613743          -1.015769771     H 
           0.768889658          -0.808607848           0.663457613     C 
           2.903780638           2.023662254           2.372949703     H 
           2.868282716           2.221880182          -0.936515979     H 
           2.552290867          -2.610598537           1.429178143     O 
          -0.358528034          -1.168169464          -1.155004480     H 
          -0.658782419          -0.840416999           2.132126111     H 
           3.558345542          -3.921217963          -0.701987953     O 
           3.171189296          -2.919144524          -2.188102086     H 
$end
