$coord
          -0.225377467           3.749055635           1.315684173     C 
           1.011706603           5.037462649           2.720019817     O 
           0.139313470           1.082361223           0.157791919     C 
          -2.223428171           4.509086641           0.913961168     H 
           2.771607404           0.060441824           0.044172698     C 
          -0.480202185           1.418569045          -1.753885100     H 
          -1.154065520          -0.285252133           1.033219491     H 
           2.949916240          -2.651613149           0.494192281     O 
           3.597709151           0.721656791           1.847598612     H 
           4.034473465           0.588158194          -1.534927666     H 
           0.910122051          -4.388691147           0.398958805     O 
           0.435240892          -4.414871187           2.221817160     H 
$end
