$coord
           3.274696856           2.404795162           2.168987813     C 
           1.807244975           4.444736065           2.072733561     O 
           2.324535056          -0.056406046           2.528072472     C 
           5.229532591           2.600263468           2.359830178     H 
          -0.050687283          -0.905287262           1.436926844     C 
          -1.958396310          -2.508454175          -3.524114513     H 
           3.365842863          -1.314169452           3.731589342     H 
           0.198074090          -3.076883461          -0.580712823     O 
          -0.791148368           0.886769575           0.353341348     H 
          -1.236418588          -2.008081317           2.826444129     H 
          -0.342319745          -1.979887645          -2.962206878     O 
           2.844527541           5.845177520           1.600331905     H 
$end
