$coord
           2.091300538           2.589280460           2.041504271     C 
           2.173101587           4.378883473           0.039487360     O 
           0.285460582           0.786198617           2.091597986     C 
           3.402594797           2.830378427           3.613375520     H 
          -0.700494506          -0.475242656          -0.329174021     C 
           0.668833494          -5.029098229           1.728657616     H 
           0.244060483          -0.087371732           3.815064632     H 
           1.209096929          -2.493373753          -0.677216360     O 
          -0.368334397           0.883243614          -2.038018300     H 
          -2.400067482          -1.450100341          -0.763416412     H 
           0.149328896          -4.825740939          -0.021503690     O 
           2.442304644           5.966785346           0.879353535     H 
$end
