$coord
          -0.514233716           2.604088416           3.713115571     C 
           1.337294621           3.544362445           4.646758817     O 
          -0.631700146           0.191330610           2.000085863     C 
          -2.524827318           2.993918979           4.757291545     H 
           0.832103067           0.056632992          -0.552988192     C 
          -2.774741365           0.126482022           1.712110005     H 
          -0.026881093          -1.238338199           3.482947660     H 
           2.653393842          -1.876263274          -0.635120247     O 
           1.901787526           1.853375761          -0.987542671     H 
          -0.179259425          -0.479200727          -2.079273282     H 
           3.480796135          -1.774936205          -3.204558968     O 
           4.597653028          -3.240034429          -3.487416424     H 
$end
