$coord
           0.179064170           2.276960225           3.418181985     C 
          -0.022686829           4.442118692           2.762954273     O 
          -0.387780141          -0.000001008           1.640096944     C 
           1.255959708           1.819066204           5.273101622     H 
           2.385488749          -0.930100738           1.424080944     C 
          -1.041457179           0.531933478          -0.314409723     H 
          -1.762495369          -1.447866240           2.373469683     H 
           2.560954109          -2.351713848          -0.698343257     O 
           3.011471131          -2.436353226           2.816720799     H 
           3.553112254           0.844987036           1.073454458     H 
           2.460038576          -0.968419240          -2.850947030     O 
           0.791949620          -0.080386267          -3.015289152     H 
$end
