$coord
           1.984239596           2.979970945           3.052896182     C 
           4.552015870           2.473286608           3.195969446     O 
           0.161453686           1.566782315           1.832244057     C 
           1.748514026           4.909489290           3.694073699     H 
           0.919257723          -0.799701721           0.458925557     C 
          -1.007902753          -4.647737316          -3.836148505     H 
          -1.755426891           2.419579872           1.675162232     H 
          -1.107558433          -1.082826482          -1.544233029     O 
           0.709825621          -2.637211010           1.370083839     H 
           2.704049677          -0.514743324          -0.476488183     H 
          -0.153945820          -3.731263634          -2.237655146     O 
           5.452407613           2.841894200           1.665509671     H 
$end
