$coord
           1.774509920           2.797815742           3.528562681     C 
           0.297750229           4.463141829           3.683364753     O 
           1.117727118           0.204573310           2.467281596     C 
           3.824221263           3.104564405           4.181465125     H 
           1.980993752           0.180834025          -0.237250095     C 
          -1.011087476           0.232476597           2.323301417     H 
           1.550097063          -1.419634631           3.759304760     H 
           2.201706722          -2.349250311          -1.314208279     O 
           3.645322350           1.362751297          -0.516199476     H 
           0.423314345           0.993052054          -1.571322829     H 
           0.148412181          -2.901538000          -2.876168127     O 
          -1.137356472          -3.658187708          -1.678817059     H 
$end
