$coord
           1.577072652           2.928015308           2.410861882     C 
           1.909391888           0.974988754           3.918483085     O 
           1.520319100           2.618459095           0.006364746     C 
           1.764832613           4.778812212           3.442448292     H 
           1.107049125           0.169980351          -1.605985737     C 
          -1.383639995          -4.727148072           0.468566925     H 
           1.059273675           4.218797398          -1.251644917     H 
           1.615798783          -2.175435761          -0.372079049     O 
           2.517044532           0.186278482          -3.283821394     H 
          -0.899593571           0.232410486          -2.225153330     H 
          -1.000763128          -3.149368527          -0.641541760     O 
           3.186980506           1.179778304           5.176571270     H 
$end
