$coord
          -0.117776254           0.420286921           1.535310993     C 
          -1.475613699          -0.505168130           0.003461639     O 
           2.600609342           1.468123195           0.849108740     C 
          -0.237400751          -0.090197742           3.684046525     H 
           4.157508214          -0.344669877           2.274579642     C 
          -1.463407021          -0.270407653          -3.126988757     H 
           3.180124636           0.962415472          -1.219008706     H 
           3.674956567          -1.099338493           4.319637123     O 
           2.559001057           3.607471916           1.531622382     H 
           5.703527373          -1.364872465           1.408674161     H 
          -2.581808851          -0.744481082          -4.518780980     O 
          -3.232533453           0.467937614          -5.719668311     H 
$end
