$coord
           3.049783358           1.968035104           0.224110898     C 
           3.671802785           1.866936852          -1.984963227     O 
           3.700898899           0.219380222           2.417936795     C 
           2.152980263           3.772765920           0.906919186     H 
           1.621042032          -0.566193587           4.052566932     C 
          -5.870453114          -1.443668296          -2.771954405     H 
           4.700789200          -1.565258738           1.701357780     H 
          -0.240595900          -1.800343365           3.597183557     O 
           5.356609693           1.337196600           3.192376820     H 
           2.074344437          -0.104433081           6.084585705     H 
          -4.889261554          -1.982776120          -4.216943995     O 
          -3.103156076          -1.588342583          -3.904874690     H 
$end
