 -1.0
  0.50267941313601D+01 -0.10222884653193D+01 -0.69482637566714D+00  0.68210209931083D-04 -0.15260385936557D-04  0.10544365761637D-03
  0.24222042351251D+01 -0.12188472017123D+01 -0.47045108185278D+00  0.16260806468874D-03 -0.44584137404094D-03  0.70529559976570D-04
  0.37893795525639D+01 -0.34664328592247D+01 -0.10904383550182D+01  0.34868060310586D-03 -0.98829053585791D-04  0.20494023918495D-03
  0.60649212150862D+01 -0.52257536262041D+00  0.10233944244645D+01 -0.67937363514477D-03  0.68155639957114D-03  0.14657411421274D-02
 -0.56585326465673D+01  0.20597113303268D+01  0.15720986678513D+01 -0.23540192399467D-03  0.49748486798505D-03 -0.27896030703793D-03
  0.35945100627739D+01 -0.40130378019935D+01 -0.30655736281937D+01  0.63341094161207D-03  0.85071578176194D-03 -0.48740492546995D-03
  0.37586242117690D+01 -0.49244782439540D+01  0.49845972196670D+00  0.81255529832772D-03  0.15159990806004D-03 -0.33799539090784D-03
 -0.46693362402076D+01  0.27591632757855D+01  0.35192984200709D+01 -0.14426593223218D-03 -0.28826311353928D-03  0.24084590683378D-03
 -0.63280758791501D+01 -0.94348068201497D-01  0.13859685707484D+01  0.27273610704424D-03  0.87205056486942D-03 -0.26197567814913D-03
 -0.57987173470285D+01  0.32233108365843D+01 -0.65538284444325D-01  0.18894224167432D-03  0.11311896556694D-02  0.41913330720484D-03
  0.60218799408969D+01  0.64730087155184D+00 -0.23148975293660D+01 -0.29745696068764D-03 -0.20445332073113D-04 -0.31467480543434D-03
  0.53203596044318D+01  0.42332726463177D+00 -0.40773261037359D+01 -0.85367585256730D-04  0.46578636716149D-04 -0.95981910393899D-03
