$coord
           4.166901272          -0.871779999          -1.168089518     C 
           6.109394297           0.623294885          -1.846366023     O 
           3.514420337           1.893033466          -1.973196675     C 
           4.157724212          -1.092457976           0.888802045     H 
          -4.810195756           1.575452790           3.683289811     C 
           2.779443783           1.996126443          -3.968958883     H 
           3.199191651           3.424506567          -0.792651498     H 
          -5.206320544          -0.649072621           4.193368893     O 
          -5.876793035           2.353470796           2.156269455     H 
          -3.623938722           2.932266411           4.669143411     H 
           3.084800700          -3.018003578          -2.306657994     O 
           3.932337475          -3.493505648          -3.850260773     H 
$end
