$coord
           4.138830894          -0.183199587          -1.290388596     C 
           1.597830148          -0.241425112          -0.548565320     O 
           2.376285932          -1.916556085          -2.507189538     C 
           5.463945599          -0.654864406           0.269484853     H 
          -4.048583949           0.526286583           4.234345252     C 
           1.790095705          -1.260279775          -4.399754104     H 
           2.451324142          -4.015308961          -2.175419059     H 
          -2.699212702           0.043089941           5.993613562     O 
          -4.024169336           2.557247646           3.622503959     H 
          -5.199495064          -0.947266341           3.157158822     H 
           4.991652452           2.032494568          -2.538158263     O 
           3.708216055           2.345385383          -3.677944543     H 
$end
