$coord
           2.574868219           3.353495632           1.856875173     C 
           0.753439035           4.657802934           1.462316528     O 
           2.736006999           0.625950213           1.276783571     C 
           4.410761111           4.203018101           2.334351868     H 
           0.471287308           0.011955631          -0.335034293     C 
           2.509611869          -0.695801215           2.842846715     H 
           4.519335692           0.008884835           0.315983770     H 
           0.416449850          -2.536834585          -0.959432254     O 
           0.594580763           1.102711891          -2.103381357     H 
          -1.345010131           0.477828030           0.661944645     H 
           0.114741697          -4.274829090           1.249044700     O 
          -1.252454803          -3.661619830           2.338018085     H 
$end
