$coord
           1.731019933           0.929923075          -1.401760072     C 
           2.705694466          -1.003004388          -0.109658491     O 
           3.800450723           1.423954300           0.450751874     C 
          -0.211871732           1.685694455          -1.140947405     H 
          -1.281332288          -0.570811128           4.591039267     C 
           5.671964437           1.950071132          -0.402417558     H 
           3.524919081           1.820902273           2.317130044     H 
          -3.395275053          -1.425951766           5.029358625     O 
          -0.290409622          -0.450004647           2.607188663     H 
          -0.320761242           0.797446499           5.834976189     H 
           2.184161563           1.248464469          -3.988914640     O 
           3.922392180           1.057831405          -4.552382927     H 
$end
