$coord
           2.044719539          -1.140222359          -1.091081651     C 
           0.731066575          -3.354327767          -1.716222322     O 
           2.042868228          -2.308339477          -3.688724035     C 
           3.404216557          -1.391238026           0.378806116     H 
          -0.297306721           3.089168278           4.006704473     C 
           1.005982931          -1.199610396          -5.053389087     H 
           3.616378888          -3.376314534          -4.275561181     H 
           0.983281777           2.448318103           5.769028222     O 
          -0.456801202           5.088155742           3.237891711     H 
          -1.942344824           1.865768436           3.359491847     H 
           0.754349525           1.118651080          -0.961970703     O 
          -0.650378335           0.889860808           0.237612599     H 
$end
