$coord
           1.679228917           3.737123652           1.012303894     C 
          -0.374475817           3.247290775           1.658151547     O 
           3.350700176           1.646424036          -0.417980486     C 
           2.518931076           5.631706791           1.219544201     H 
           1.498782173          -0.637514745          -0.481451560     C 
           5.161951004           1.337494391           0.350387479     H 
           3.587798212           2.311360487          -2.440164522     H 
           1.738135289          -2.650137759           1.334184522     O 
           1.123490862          -1.487143941          -2.378328410     H 
          -0.457745746           0.425165601           0.094764623     H 
          -0.694675789          -3.574148902           1.968009184     O 
          -1.461997336          -4.225612945           0.399871878     H 
$end
