$coord
           2.415866442           1.804250017           2.081908262     C 
           3.253212066           3.739369640           1.228460747     O 
          -0.496625791           1.442081576           1.680022201     C 
           3.163181457          -0.133944421           2.986248664     H 
          -1.073963918          -1.459959909           1.375770426     C 
          -1.087314485           2.600828982          -0.096430868     H 
          -1.884078128           2.335839937           3.051375774     H 
           0.767020950          -2.791668718           0.077571278     O 
          -2.954322326          -1.576039453           0.863122139     H 
          -1.019703401          -2.176492622           3.376204310     H 
           2.440763746          -1.407084600          -1.529681402     O 
           1.370981240          -0.024578311          -2.092776958     H 
$end
