$coord
           3.460812018          -0.944613537          -2.396018904     C 
           3.368420577          -3.566720518          -2.340290075     O 
           1.477324052          -2.365824059          -3.717691974     C 
           4.877399620          -0.232990198          -3.752919103     H 
          -1.955960909           2.622879908           5.484631351     C 
          -0.429224056          -2.893657721          -2.919211556     H 
           1.728355900          -2.333595351          -5.684806404     H 
          -3.644934995           3.415814629           4.118055048     O 
          -0.187015439           3.795734675           5.387517980     H 
          -2.117908449           0.656195651           6.247725379     H 
           3.127188620           0.663708730          -0.264693021     O 
           4.367062649          -0.029540331           0.846268938     H 
$end
