$coord
           1.692594143           1.894094086           2.562919454     C 
           1.151998639           3.958669285           3.405144989     O 
           2.237335776           1.335165150          -0.423261088     C 
           1.595109862          -0.054545871           3.597362792     H 
           3.014393427          -1.528448843          -0.772369975     C 
           3.550279069           2.787898442          -0.943710479     H 
           0.533313616           1.676481684          -1.541571689     H 
           0.680215633          -2.650173590          -0.429056709     O 
           4.472253510          -1.569510703           0.768907102     H 
           3.586730109          -2.130341786          -2.686405754     H 
          -1.452333499          -1.433349999           0.893778082     O 
          -2.616213692          -0.731298914          -0.362874766     H 
$end
