$coord
           2.806933334           2.699835230           1.176943449     C 
           3.537693033           4.816577796           0.667111240     O 
           0.407949058           1.628758221           2.676780027     C 
           3.441641848           1.076735846           0.117765504     H 
          -0.829421723          -0.246425944           0.875550520     C 
          -1.020100119           3.056718147           3.407514262     H 
           1.281957373           1.086285003           4.432666344     H 
           0.838914113          -2.375243138           1.079759622     O 
          -0.765062026           0.637551533          -0.947135082     H 
          -2.828565432          -1.049317996           1.289120991     H 
           1.116930902          -3.757400859          -1.224433822     O 
           1.900468115          -5.309092192          -0.522657751     H 
$end
