$coord
           2.181535432           1.551668024           2.314147166     C 
           0.148143331           2.290260711           3.105780752     O 
           2.943828819           1.636838347          -0.642460264     C 
           3.676260060           0.767351660           3.736714473     H 
           2.638009683          -1.252810538          -0.885786410     C 
           4.614594872           2.565637969          -0.990526860     H 
           1.368130440           2.483002741          -1.573669343     H 
           0.780344531          -1.574073648           1.134733887     O 
           4.448534244          -2.162890402           0.054439867     H 
           2.265299445          -2.214655933          -2.691237721     H 
          -1.582599266          -1.274130278           0.088812024     O 
          -1.898505168           0.594241002           0.111981296     H 
$end
