$coord
           1.960597974           4.023038024           1.422618135     C 
           1.039447386           5.806318816           0.331324941     O 
           1.493365548           1.356554320           0.113003206     C 
           3.548675072           3.979780027           2.891544628     H 
           0.614129284          -0.809857150           1.760149886     C 
           3.521921248           0.835868822          -0.094625068     H 
           0.597045990           1.807367294          -1.741853755     H 
           1.908622636          -3.061974091           0.628920375     O 
          -1.387438084          -1.256777401           1.642764055     H 
           1.542686655          -0.681645489           3.682741069     H 
          -0.005385495          -5.018735175           0.650103918     O 
          -0.189855773          -5.093719365          -1.153502426     H 
$end
