$coord
           3.674737917          -1.198283469          -2.444443275     C 
           1.897154441           0.258878722          -3.834952080     O 
           2.824306486           1.311291410          -1.605735055     C 
           5.549952129          -1.487488179          -3.255236355     H 
          -1.624505714           1.292413130           5.974638776     C 
           1.590871728           1.561636426           0.104516975     H 
           4.068273839           2.959540294          -2.051823325     H 
          -3.604493331           1.901093108           5.071335477     O 
          -1.358775412          -0.557174535           6.372546983     H 
           0.187681273           2.353650648           5.854058925     H 
           2.619016538          -3.355276088          -1.385169419     O 
           0.816496627          -2.879756735          -1.652049826     H 
$end
