$coord
           1.789180222           0.673460712          -1.310321149     C 
           3.214336799          -0.222620768           0.738940781     O 
           4.544478080           0.262481870          -1.523475908     C 
           0.941858978           2.544459246          -0.935167306     H 
          -2.592034863           0.227170026           3.672583428     C 
           5.322621907          -1.308227379          -2.600710398     H 
           5.721818253           1.919282844          -1.573318045     H 
          -0.346317089           0.129001194           4.000342791     O 
          -3.899147908          -0.284081981           5.202903436     H 
          -3.514516975           0.009395562           1.789406864     H 
          -0.028485911          -0.733687783          -2.565105349     O 
          -1.542919324          -0.454239279          -1.649489676     H 
$end
