$coord
           3.303394404          -0.249932207          -0.040808904     C 
           5.945104442          -0.615988604           0.334958171     O 
           4.269581224          -1.188461692           2.554845733     C 
           2.558244046          -1.626836233          -1.545134526     H 
          -5.320059675           0.082412696           0.446033896     C 
           4.714568081           0.170669153           3.894793710     H 
           4.119050787          -3.132458320           3.092251987     H 
          -3.346485874           0.982008791           1.352427968     O 
          -6.182336724           0.932932404          -1.178980314     H 
          -5.899001587          -1.730927463           1.694395646     H 
           1.994384731           1.979018164          -0.331369320     O 
           1.277360651           2.787654865           1.132566140     H 
$end
