$coord
           1.945674966           0.074536643          -1.950378907     C 
           4.147949295           1.545281176          -1.962265913     O 
           2.751153423           1.231446813          -4.328800060     C 
           0.234176777           0.738751240          -0.996914903     H 
          -2.862233473           0.770977773           5.623437355     C 
           3.655703908          -0.097513202          -5.600109273     H 
           2.092215754           2.975108510          -5.161722974     H 
          -2.611487509          -1.391963478           6.060394388     O 
          -4.371858230           1.685172647           4.557738504     H 
          -1.145246775           2.462054953           5.807578064     H 
           2.444606025          -2.383622894          -1.622232432     O 
           4.231574180          -2.743900406          -1.664407861     H 
$end
