$coord
           1.732755660           2.539466853           0.765141373     C 
           0.219747079           3.686465752           2.082187369     O 
           3.436393360           0.414562082           1.663823095     C 
           2.018732757           2.797435826          -1.352071613     H 
           2.721692753          -1.343707940          -0.573409767     C 
           2.873917165          -0.423944947           3.356582924     H 
           5.572159667           0.545403463           1.777235535     H 
           0.392184646          -2.558719498          -0.074260821     O 
           3.878719036          -3.176399298          -0.734263936     H 
           2.793241531          -0.607389006          -2.396091870     H 
          -1.420690968          -1.041218663           1.272563570     O 
          -1.252645358           0.699761331           0.711703104     H 
$end
