$coord
           3.588459299          -0.081417718          -1.044383495     C 
           3.452466735          -1.222394378           1.253395687     O 
           1.544767133           0.687926246           0.838536584     C 
           3.491858216          -0.767049669          -3.188770708     H 
          -3.770137600          -0.142934763           3.442612700     C 
           1.389288062           2.563091891           1.185119694     H 
           0.013682882          -0.329308688           0.404966465     H 
          -4.031565973          -0.330320079           1.342412850     O 
          -4.545498127          -1.552376254           4.546928189     H 
          -2.492737628           1.459444502           4.521260730     H 
           5.446419629           1.901407223          -1.339846363     O 
           6.736773293           1.126490488          -0.255225671     H 
$end
