$coord
           3.415419734           2.422832491           1.991150535     C 
           2.811485206           4.175112648           3.439318831     O 
           1.690665191           1.195823387           0.098387565     C 
           5.138488370           1.068582665           2.038779800     H 
           0.090838960          -0.697503467           1.778659990     C 
           3.027115817           0.140515195          -1.223665596     H 
           0.498220392           2.474001698          -0.927853410     H 
          -1.324133291          -2.112080596          -0.107838407     O 
          -1.136692886           0.231758795           3.094376839     H 
           1.190625580          -2.070167415           2.814932333     H 
           0.550027617          -2.969177175          -1.737019075     O 
           0.073028270          -2.411202891          -3.466265912     H 
$end
