$coord
           2.522665288           2.701331595           1.578230966     C 
           1.662612316           4.704164682           0.884358989     O 
           0.698022825           0.778081004           2.350236061     C 
           4.455344995           1.790124463           1.323332482     H 
          -0.551451633          -0.262436165          -0.072360649     C 
          -0.594249513           1.839080610           3.473864231     H 
           1.323630602          -0.835293105           3.332029811     H 
          -0.217093887          -3.046265185           0.210455824     O 
           0.995647028           0.070354050          -1.587215555     H 
          -2.145999843           0.682022558          -0.684926629     H 
           2.416211985          -3.156174180          -0.247252795     O 
           3.394308604          -2.800690545           1.358262295     H 
$end
