$coord
           1.844067604           3.934815582           1.392204008     C 
           3.565276540           5.214877366           2.247298801     O 
           2.331221165           1.149985808           0.994298921     C 
           0.105921168           4.718914934           0.744346049     H 
          -0.113672224          -0.213020163           0.506036817     C 
           3.484097822           0.228662617           2.589378341     H 
           3.621469405           1.236948713          -0.757942293     H 
           0.067392347          -2.916436750           1.245530294     O 
          -0.427048149          -0.463103522          -1.531716242     H 
          -1.889469325           0.605972524           1.351223983     H 
           0.126836646          -4.395465913          -0.931086871     O 
          -0.028089968          -6.108020200          -0.381653641     H 
$end
