$coord
           2.459008530          -1.892928427          -2.782878395     C 
           2.695357425          -2.435866040          -0.206752825     O 
           0.594727381          -0.834745456          -0.911736437     C 
           1.748885208          -3.329944315          -4.165732507     H 
          -2.175495815           3.229921112           4.089039916     C 
           0.899007984           0.960055652          -0.049755881     H 
          -1.344167576          -1.697577227          -0.704307909     H 
          -1.865023989           2.000227662           6.019424241     O 
          -2.205588128           2.299065546           2.272119658     H 
          -1.951299860           5.171371547           3.833817991     H 
           4.293611978          -0.309356256          -3.711287213     O 
           3.712642732           0.126687970          -5.491325359     H 
$end
