$coord
           1.953203100           0.018585513          -1.206975249     C 
           2.465120595           2.513035858          -1.790873232     O 
           4.321007806           0.807455978          -2.426530943     C 
           0.424918156          -0.954475960          -2.318645552     H 
          -2.894163710          -0.156930191           3.637698048     C 
           6.151636809           0.856322853          -1.275262979     H 
           4.710945796           0.719635897          -4.464677337     H 
          -1.451444809          -1.570274731           4.688372019     O 
          -3.933520686          -0.487221778           1.755873189     H 
          -3.613737983           1.743976299           4.520011788     H 
           1.765688541          -0.698753505           1.225755108     O 
           2.542193504           0.469959596           2.379898720     H 
$end
