$coord
           2.972878378           2.917270749           1.934381969     C 
           1.061608454           3.773635055           2.706252470     O 
           3.222383606           0.611544290           0.299414900     C 
           4.577223419           4.237517921           1.946577087     H 
           0.458797770           0.389888486          -0.793139792     C 
           3.649048982          -1.405042065           1.240384831     H 
           4.398574126           1.037182189          -1.270420834     H 
          -0.690700040          -2.216096453          -0.627682996     O 
           0.532235913           1.084792914          -2.867556921     H 
          -0.728177281           1.726863731           0.287038680     H 
           0.411741191          -3.558615198           1.505944229     O 
          -0.352219544          -2.588117247           2.837722127     H 
$end
