$coord
           2.486635779           2.501280378           2.877364573     C 
           1.720118047           4.204172847           4.276266785     O 
           1.407485434           2.346619868          -0.039633985     C 
           4.082510082           1.358250072           3.038475889     H 
           0.765626533          -0.216956479          -1.073323629     C 
           2.873687808           3.320286934          -1.285889204     H 
          -0.124729893           3.726806234          -0.169931483     H 
           0.351913046          -2.299999841           0.655570450     O 
           2.215292071          -0.881778589          -2.413881339     H 
          -1.023448679          -0.079203641          -2.251985079     H 
           0.173078918          -4.511398199          -0.949061638     O 
           1.931178468          -5.160311545          -1.353984854     H 
$end
