$coord
           3.220304129           3.475294268           1.434520453     C 
           1.708804199           4.773074091           2.586423057     O 
           3.273087873           0.565314221           1.669002055     C 
           4.946075289           4.304500015           0.481966149     H 
           0.695559327          -0.497461033           0.847166363     C 
           3.251492505           0.304345297           3.733220888     H 
           4.912008143          -0.389188412           0.950185564     H 
           0.437983490          -2.929797027           0.143500490     O 
           0.187416151           0.777932068          -0.883391154     H 
          -0.505828191          -0.110582874           2.478938424     H 
          -1.664839597          -3.328662016          -1.625175336     O 
          -2.971648944          -4.033569584          -0.564444066     H 
$end
