$coord
           2.483074132           2.578715456           1.098110101     C 
           2.954158990           2.502980218          -1.222510142     O 
           0.128315185           1.767551808           2.574236899     C 
           4.128996848           2.881568594           2.398134122     H 
          -0.993818941          -0.210852978           0.976216031     C 
          -0.784770578           3.505436771           3.139610802     H 
           0.566177115           0.917192092           4.421392114     H 
           0.164409739          -2.448808394           1.107710992     O 
          -1.101193301           0.734306723          -0.894886951     H 
          -2.894893673          -0.434466630           1.606459742     H 
           2.857097024          -2.247976213           0.483362959     O 
           2.849629584          -1.404899941          -1.178523978     H 
$end
