$coord
           0.740483496          -0.711275222          -1.069514720     C 
           1.016073379          -2.932962710          -2.446733329     O 
           3.190462138          -1.453394415          -2.189964005     C 
           0.524522050          -0.767027767           1.008980356     H 
           0.939550196           3.076086096           5.123537461     C 
           3.884398973          -0.515014392          -3.845881441     H 
           4.683431400          -2.118229837          -0.893078386     H 
           1.118340562           1.098884233           6.403739537     O 
           2.719247122           3.706883156           4.260588505     H 
          -0.758210443           4.192452317           4.912754265     H 
          -0.798064655           1.116937842          -2.065044708     O 
          -1.779426369           0.469713648          -3.451792507     H 
$end
