$coord
           3.697582518          -0.053485305          -1.966321943     C 
           2.766749108          -2.422002158          -2.397605756     O 
           1.989137681          -0.539315677          -4.059060668     C 
           5.652800936           0.171132327          -2.437961704     H 
          -3.423244606           0.247861451           5.694345346     C 
          -0.060150104          -0.151905905          -3.809478713     H 
           2.828598970          -0.408373823          -5.888249892     H 
          -1.575168952           1.770492264           5.979360005     O 
          -4.898895066           0.834008967           4.364437523     H 
          -3.120400291          -1.791796157           5.533768905     H 
           2.996119923           1.486616607          -0.003720456     O 
           1.980493672           0.751394997           1.319163070     H 
$end
