$coord
           5.086678815          -1.225396457          -0.854725487     C 
           2.488684094          -1.792994962          -0.288471628     O 
           3.695485366          -3.309189960          -2.114488216     C 
           6.241467226          -1.778954626           0.812189623     H 
          -5.485565582           1.581348037           3.032913232     C 
           3.238045135          -3.001104358          -4.166339425     H 
           3.644616422          -5.198047552          -1.628526362     H 
          -5.095374836           3.543235751           1.981017876     O 
          -4.458910735           1.195273797           4.862550916     H 
          -6.124168089          -0.109915574           2.183920066     H 
           5.928777614           0.959297698          -1.826225084     O 
           5.797329821           2.342077049          -0.720280977     H 
$end
