$coord
           1.906839028           2.333844173           2.165611991     C 
          -0.256349245           2.856907639           1.731299315     O 
           3.451172636           0.593276914           0.526806838     C 
           3.041320572           3.176105536           3.829458352     H 
           1.854971713          -0.502002417          -1.648777142     C 
           3.871927192          -1.009589626           1.625318973     H 
           5.266839935           1.444619481           0.132767455     H 
          -0.037691150          -2.065346362          -0.424507064     O 
           2.989282559          -1.729735132          -3.048053522     H 
           1.043504703           1.135723705          -2.700163821     H 
          -0.114655473          -1.819160539           2.302979986     O 
          -0.397265009          -0.167331231           3.016009458     H 
$end
