$coord
           3.643688642           0.009854057          -1.324989409     C 
           4.476093725          -2.392143499          -0.681872065     O 
           2.888686566          -2.246428331          -2.795279263     C 
           5.139529575           1.100316731          -2.206007465     H 
          -3.035035087           2.684583466           3.989327916     C 
           0.981365550          -3.106002663          -2.679057532     H 
           3.779522190          -2.539646272          -4.605239265     H 
          -3.609479571           0.483796236           3.792483224     O 
          -1.538504752           3.369988211           5.481048174     H 
          -3.590029569           4.359458726           2.701887203     H 
           2.069507823           1.529327014           0.181902098     O 
           0.427397303           0.692939938           0.102787350     H 
$end
