$coord
           2.813607618          -1.212592992          -1.118608930     C 
           3.730501044           0.997423005          -0.004719255     O 
           1.304771823           1.186543014          -1.184935743     C 
           2.127019093          -2.821773713           0.102335070     H 
          -3.094109512           0.423842320           4.430111226     C 
           1.099838820           2.368215762          -2.819819722     H 
          -0.305365869           1.274029126           0.033699345     H 
          -2.293613069           2.078781405           5.704831976     O 
          -2.179649290           0.102910286           2.619388289     H 
          -4.762913288          -0.957466547           4.473996878     H 
           3.915992764          -2.247731146          -3.243992539     O 
           3.980117405          -1.077629211          -4.643830005     H 
$end
