$coord
           4.564588233           0.588241877          -0.157178424     C 
           2.043128387           0.199346117          -0.007014992     O 
           3.007441423           0.251729747          -2.489423517     C 
           5.864296303          -0.859130818           0.625067139     H 
          -4.283316211          -0.859834530           2.691052959     C 
           2.656491232           2.014984258          -3.233944339     H 
           2.913783494          -1.413995635          -3.725309426     H 
          -4.519180972          -2.731596494           4.102941893     O 
          -5.288470396          -0.019223388           1.068321744     H 
          -2.414116575          -0.048861419           2.731544393     H 
           5.333925033           3.068135698           0.421447001     O 
           3.828975630           4.016897263           1.139290593     H 
$end
