$coord
           2.607521761          -2.640903708          -0.434372815     C 
           0.243033609          -2.404959546           0.627594917     O 
           0.954040545          -0.619683140          -1.187415033     C 
           2.988082993          -4.314654272          -1.599965896     H 
          -1.881596715           4.650699134           1.131278375     C 
           1.332187173           1.250587189          -0.518253172     H 
          -0.063337564          -0.758885344          -2.984206383     H 
          -0.778462779           4.030482226           3.002492218     O 
          -0.768262878           5.768812571          -0.147478867     H 
          -4.008228412           4.173891724           0.568984541     H 
           4.842926263          -2.153229010           0.897436376     O 
           5.028443295          -3.373603061           2.218718236     H 
$end
