$coord
           1.484366318           4.337022252           0.651424870     C 
           1.155955012           4.701338661           2.854140257     O 
           2.252924713           1.840874805          -0.754708180     C 
           1.809217857           5.916563578          -0.712599376     H 
           1.861894133          -1.106427018           0.045747111     C 
           4.569397186           1.944717118          -0.324831565     H 
           2.125201087           2.047225442          -2.802064298     H 
          -0.360778565          -2.402672253           1.085336058     O 
           3.407187679          -1.469494674           1.533346258     H 
           2.116434580          -2.638770758          -1.445241155     H 
           0.300729189          -4.935525824           1.021013496     O 
          -1.006207032          -5.883484805           2.138523519     H 
$end
