$coord
           3.956293743          -1.403369908          -2.514429926     C 
           4.918852348           0.507462261          -0.873282380     O 
           2.851046994          -0.974489248          -0.049004437     C 
           5.149215424          -3.083251000          -2.556374435     H 
          -3.945081256           2.160450484           4.539355855     C 
           1.056181248           0.062826791           0.034522656     H 
           3.361665764          -2.512194846           1.289877310     H 
          -4.342468289           0.013496587           4.897177085     O 
          -5.100518736           3.096375379           2.922496469     H 
          -2.305625709           3.261810433           5.054964132     H 
           2.912220181          -0.761038856          -4.975029379     O 
           3.564568492           0.962680246          -5.491662248     H 
$end
