$coord
           1.509384016          -0.118620414          -2.165611513     C 
           3.372082559          -1.892722968          -1.581547898     O 
           3.804814412           0.581838567          -0.694106222     C 
          -0.340304138          -0.504966458          -1.315986456     H 
          -2.698536067           0.968773896           5.280393520     C 
           5.367879020           1.614690456          -1.657573294     H 
           3.787964957           0.813824723           1.382827960     H 
          -1.179478241          -0.237171140           6.702811126     O 
          -4.616348155           0.168218385           4.593319353     H 
          -2.482579409           2.830553955           4.581042994     H 
           1.568749948           0.537900388          -4.690596181     O 
           0.316620889           1.744164446          -5.128211594     H 
$end
