$coord
           2.715196285          -1.238530546          -2.194315373     C 
           2.721827637          -1.264222997           0.507278734     O 
           1.510702426           0.801944496          -0.757380988     C 
           1.569069523          -2.564290940          -3.382569208     H 
          -2.566963336           0.312187251           4.082311835     C 
           2.435818365           2.529222182          -0.257707638     H 
          -0.550336080           0.613086542          -0.376529543     H 
          -3.591141548           1.908661138           3.055103526     O 
          -0.541854240           0.329959606           5.226619167     H 
          -3.227490287          -1.658435435           4.394803172     H 
           5.012214566          -0.657966649          -3.354145481     O 
           5.382067641           1.128563539          -3.143624422     H 
$end
