$coord
           4.755281375          -1.770356414          -0.731010026     C 
           2.232811863          -1.105790139          -0.956237724     O 
           3.292184747          -2.483833523          -3.021103743     C 
           5.252990824          -3.322288884           0.594240816     H 
          -4.385289653           2.587458838           3.285337242     C 
           3.831159808          -1.561757915          -4.875038554     H 
           3.257784966          -4.565206045          -2.818922587     H 
          -5.950028420           2.193622376           1.732506632     O 
          -3.360698875           4.454004300           3.429445604     H 
          -4.184421254           1.033851327           4.806946144     H 
           6.369322388           0.145004533          -0.393033459     O 
           5.486093522           1.639799796           0.142146550     H 
$end
