 -1.0
 -0.12568347589300D+01 -0.19046858791281D+01 -0.26597535039167D+01  0.16389420118076D-04 -0.65515768506136D-04 -0.37953085302278D-03
 -0.15037283051193D+01 -0.37291049650976D+01 -0.13264004983821D+01  0.11389817255599D-03 -0.88545767744657D-04  0.42672996792231D-03
  0.29529118769148D+01  0.14290697777958D+01  0.22176670859734D+01  0.16871469592101D-03 -0.18764616324058D-03 -0.39671568030928D-03
 -0.15301243467165D+01 -0.17185741571772D+01 -0.48449988601971D+01 -0.17113070652027D-03 -0.21332037926786D-03 -0.42500430316235D-03
  0.24446174397867D+01  0.35781053796766D+01  0.54019209604855D+00 -0.13280232450518D-03 -0.75166994238177D-04  0.66544570411937D-03
  0.45059468688971D+01  0.14866698039761D+01  0.36734557747780D+01  0.56714143292241D-04 -0.53343059899376D-04 -0.43614709281584D-03
  0.25559703032414D+01 -0.42240178789771D+00  0.12657387952591D+01 -0.43401922347188D-03 -0.82104283471756D-03 -0.14552700890381D-04
  0.81761410223645D+00  0.28138834026937D+01  0.25669109807345D+01  0.11127687553864D-03  0.55184611186514D-03  0.24817194471998D-03
  0.17078780529450D+01  0.32027699739444D+01 -0.14975211367159D+01  0.75190602147969D-04  0.11785394501100D-03  0.85182179534240D-04
  0.33805165734829D+01  0.54304523497625D+01  0.91890580790148D+00  0.13353767300984D-03 -0.21181122598213D-03  0.10247177494382D-02
 -0.41851457880052D+00  0.36651901689702D+00 -0.20203105650125D+01 -0.20357622933287D-03 -0.14399494544912D-03 -0.58242748639668D-03
 -0.48754228818858D+00  0.29946914203373D+00 -0.18644503334115D+00 -0.14717496796326D-03  0.59909552210692D-03 -0.30854911990404D-03
