$coord
           1.183896049           1.158574775           2.516954550     C 
           1.558769495           2.477777947           0.178962210     O 
           3.188660870          -0.971456237           2.079828515     C 
           1.439292666           1.964999158           4.293643930     H 
           1.879864107          -1.967868574          -0.201870049     C 
           4.041719023          -2.460223032           3.193645564     H 
           4.909280268           0.261482051           1.408219739     H 
           1.320917899           0.286548727          -1.649516702     O 
          -0.044836673          -2.759617699           0.560784929     H 
           2.725273775          -3.549033976          -1.188899400     H 
          -1.482023460           1.113436969           2.146616907     O 
          -1.655698808           1.367270358           0.216003626     H 
$end
