$coord
           3.405894152           2.332682882          -4.195111919     C 
           3.379918839           4.350465007          -3.117975865     O 
          -0.056012752          -0.256736028           4.919041133     C 
           5.142045160           0.999377167          -3.822306256     H 
          -2.223824319          -1.685524561           3.953572285     C 
          -0.209975112           1.234244276           6.445206452     H 
           1.486319723           0.022195905           3.473758351     H 
          -0.534302860          -2.734207943           5.803775136     O 
          -2.186917533          -2.686772937           2.207535388     H 
          -4.084364931          -1.411864237           4.889386645     H 
           1.506569944           1.280665305          -5.741799542     O 
          -0.123799112           2.374542051          -6.011461932     H 
$end
