$coord
           1.433137381           3.717479903          -3.617076776     C 
           2.932088434           2.011268175          -3.602436713     O 
           0.137978226          -1.350409792           3.945641261     C 
          -0.401755032           4.103162134          -4.766669347     H 
           0.391867237          -4.051857471           3.410681367     C 
          -0.841358451          -0.285961758           2.618888188     H 
           1.650190139          -0.402829649           5.092305921     H 
          -1.261061763          -3.197781585           5.220277275     O 
           2.105412256          -4.901632905           4.095486695     H 
          -0.312843822          -5.006518935           1.748809698     H 
           1.889567048           5.778904992          -2.270790186     O 
           3.670567091           5.463123336          -1.540121295     H 
$end
