$coord
          -0.936736614           1.454152511          -2.571268698     C 
          -2.100276822           1.198378909          -0.614978576     O 
           1.696820613          -0.138506104           2.005825425     C 
           1.002130817           2.309142780          -2.831421109     H 
           3.630939661          -0.832615393           3.860032201     C 
          -0.068526178           0.386691402           2.851611455     H 
           2.000024393          -1.055377545           0.151304543     H 
           3.795637397           1.414891179           2.609298866     O 
           5.099204063          -2.180510621           3.494131089     H 
           2.991603394          -0.931184167           5.820159852     H 
          -1.422853893           0.556636170          -4.958195942     O 
          -3.107188467          -0.168223042          -5.566410590     H 
$end
