$coord
          -1.871247062           1.756186077          -3.581489292     C 
          -2.962561201           3.239412504          -4.914697895     O 
           2.147595707          -0.552756723           5.017217002     C 
          -0.892433564           2.161201449          -1.781856010     H 
           3.593557007           0.852646022           3.051373758     C 
           0.595602644          -1.956169163           4.301400554     H 
           1.190552507           0.216564059           6.675838678     H 
           4.540089677          -1.271680367           4.459422743     O 
           4.478651431           2.717996549           3.455414398     H 
           3.488380170           0.516705167           1.121385990     H 
          -1.534600464          -0.712394034          -4.308379552     O 
          -2.208908435          -0.893450774          -6.041740543     H 
$end
