$coord
           1.047018798           1.365382926           2.443813128     C 
           1.814673149           2.252145733          -0.183743699     O 
           2.806724062          -1.110596370           2.148170135     C 
           1.663799356           2.117883682           4.138664467     H 
           2.527567444          -1.965814507          -0.714329298     C 
           2.762465917          -2.581199224           3.500359425     H 
           4.733873223          -0.237974963           2.408803453     H 
           0.823882096           0.045059393          -1.427597988     O 
           1.614381254          -3.793683481          -1.446124383     H 
           4.207642270          -1.747238449          -1.767760074     H 
          -1.498195807           1.301032754           2.618556096     O 
          -2.282586578           2.884382779           2.106916487     H 
$end
