$coord
           2.414691284           2.623234411          -2.027788785     C 
           3.396243271           2.322053164          -4.052878272     O 
          -0.988909860          -2.240895041           3.584219291     C 
           0.400775867           3.503914317          -1.820979774     H 
          -2.595786975          -1.116299602           1.535951416     C 
           0.443077403          -3.742855226           3.024860392     H 
          -1.571381711          -2.151614636           5.532231154     H 
          -0.430832356           0.052472031           2.418933030     O 
          -4.109816973           0.091195783           1.886790836     H 
          -2.422932834          -1.911196237          -0.391212902     H 
           3.527073484           1.893071207           0.093358723     O 
           5.142162905           1.277759932          -0.060832435     H 
$end
