$coord
           1.241758229           1.183570167           2.097959450     C 
           0.113432825           1.812388305          -0.448986055     O 
           1.430813605          -1.699469761           1.472546508     C 
           3.011407600           2.117158986           1.943624171     H 
           3.279974622          -1.195593935          -0.699501156     C 
          -0.239032736          -2.074132498           0.275362334     H 
           1.640854003          -2.827031874           3.194357012     H 
           1.353551635           0.133424177          -2.086335389     O 
           4.065947753          -2.708266182          -1.722314036     H 
           4.926527487          -0.166510031           0.087642063     H 
          -0.015071493           1.540682146           4.341844326     O 
          -0.623158994           3.198839284           4.816103023     H 
$end
