$coord
           2.626729256           2.793466247          -4.347621930     C 
           0.987852403           3.303823672          -5.679121262     O 
          -1.979164803          -1.370906906           5.017117325     C 
           3.497245526           0.706845351          -4.585403367     H 
           0.040644859          -2.216529107           3.295551167     C 
          -3.911737609          -1.630306052           4.353659967     H 
          -1.691275334           0.125865146           6.215462546     H 
          -0.511197699          -3.498852651           5.555795835     O 
           1.641521548          -0.956715412           3.174796891     H 
          -0.301791918          -3.426886378           1.670366760     H 
           3.868040607           4.017067057          -2.396249149     O 
           3.059261278           5.582452924          -1.617207695     H 
$end
