$coord
           0.897186071           1.809756824          -2.303625408     C 
           2.911786736           2.696190956          -1.520924641     O 
           0.649130313          -2.175209123           4.334463344     C 
           0.024140567          -0.062745063          -1.482716102     H 
           1.161665164           0.145561496           2.860401669     C 
          -0.862863365          -2.153135774           5.741124546     H 
           2.085448725          -3.537546386           4.601152396     H 
          -0.139060422          -1.875328433           1.807833163     O 
           3.118309384           0.373202101           2.321147802     H 
           0.249424930           1.941854437           3.052435641     H 
          -0.407424498           2.606232846          -4.290467904     O 
           0.710734463           3.841049879          -5.033808827     H 
$end
