$coord
           1.243062220           1.030096877           2.333602246     C 
           0.718322599           2.248058843          -0.236382028     O 
           1.330353868          -1.939332145           1.393498337     C 
           3.153183512           1.425172132           2.782506702     H 
           3.011299990          -1.494477187          -0.821407728     C 
          -0.436229754          -2.648454214           0.520825050     H 
           2.055702034          -3.127914795           2.923249891     H 
           1.538542245           0.369846840          -2.202949664     O 
           3.133925297          -3.247412191          -1.981106271     H 
           4.800731655          -0.716435114          -0.127611670     H 
          -0.286523490           1.801235358           4.308592164     O 
          -1.863066428           2.550765362           3.765662171     H 
$end
