$coord
           1.197172515           1.230467535           2.042121798     C 
           0.285502508           1.950332936          -0.397997352     O 
           1.905958130          -1.601497944           1.883485789     C 
           2.912944182           2.714221610           2.189712160     H 
           3.056443603          -1.571101104          -0.748040365     C 
           0.073811371          -2.407399963           1.984353198     H 
           3.279559415          -1.919420137           3.349199425     H 
           1.354947441           0.053754990          -2.115226144     O 
           3.016305241          -3.437012527          -1.758698389     H 
           4.984183960          -0.467653354          -0.837528845     H 
          -0.508959296           1.626285938           3.973063208     O 
          -0.164271291           3.291275550           4.599808856     H 
$end
