$coord
          -1.063121935           4.207690135           0.424140390     C 
          -1.932228138           2.815009772          -1.091484560     O 
           3.798756765          -4.022425312           0.792672797     C 
          -0.652821494           6.155666883          -0.085572924     H 
           2.087108929          -2.193525861          -0.148872624     C 
           5.388848325          -3.945040189          -0.442389096     H 
           3.060711254          -5.868925712           1.356742165     H 
           3.440294964          -1.851609590           2.045507873     O 
           0.016075446          -2.069453486          -0.280017404     H 
           2.776072112          -0.941061533          -1.642060648     H 
           0.173324728           3.601674628           2.604982964     O 
          -0.417976646           1.834596158           2.943295553     H 
$end
