$coord
           1.478302572           1.390498635          -3.667737195     C 
           1.862008192           1.208011876          -5.951506183     O 
           1.316848992          -1.595897587           4.993224503     C 
           1.062787166           0.004539205          -2.243263484     H 
          -1.451617381          -1.075832520           4.969442494     C 
           1.984125886          -3.538039256           4.750550929     H 
           2.367696138          -0.331773088           6.081042143     H 
           0.266664971          -0.454431086           2.927769090     O 
          -2.048383705           0.352268832           6.148133771     H 
          -2.794555789          -2.459179949           4.442345371     H 
           1.670019935           3.578838602          -2.606227907     O 
           2.078198680           5.008566271          -3.709234876     H 
$end
