$coord
           1.064234649           4.175696667          -1.987962433     C 
           3.216060976           4.712238534          -1.275546596     O 
          -0.579292645          -2.118045842           4.503507461     C 
          -0.710362640           5.020943287          -1.085056373     H 
           1.125579582          -4.016274022           3.275253613     C 
           0.071384240          -0.997407402           6.153081562     H 
          -2.604529128          -2.629189247           4.449759397     H 
           0.681625868          -1.659444024           2.176613053     O 
           0.362598765          -5.746935032           2.441199769     H 
           3.011238840          -4.449374170           3.985067506     H 
           0.319783751           2.623323853          -3.902706344     O 
           1.738323528           1.526872951          -4.819998614     H 
$end
