$coord
           1.988796679           2.234648137          -2.442939717     C 
           1.913717155           4.307798947          -1.556781886     O 
          -0.124264256          -2.211694518           4.247712848     C 
           3.737585809           1.082764514          -2.321570199     H 
           0.003065784          -0.374553679           2.153313486     C 
          -0.371557992          -4.267009074           4.261988582     H 
          -0.413440353          -1.600690289           6.146318666     H 
           2.246635566          -1.572466548           3.239192549     O 
          -0.306804176           1.631470645           2.645111977     H 
          -0.626902479          -0.873846848           0.179292333     H 
          -0.113963530           1.196362589          -3.413251873     O 
          -1.589380248           2.071865154          -3.133416275     H 
$end
