$coord
          -0.355311655           2.237133368          -3.661058844     C 
           1.233177739           1.336720987          -5.035136518     O 
           0.782354456           0.845982679           3.634507054     C 
          -1.890388981           3.456978212          -4.269537314     H 
           1.817943385          -1.631023569           4.455969031     C 
           1.729583849           2.628678382           4.004733122     H 
          -1.173330770           0.796661454           3.220515168     H 
           2.132371349          -0.927660606           1.955325843     O 
           0.618824594          -3.306992488           4.857797077     H 
           3.691617737          -1.716988934           5.333728451     H 
          -0.553347502           1.583675592          -1.154253434     O 
           0.707607244           0.216397016          -0.792140248     H 
$end
