$coord
          -3.316223957          -0.047349430          -3.255743344     C 
          -2.897598594           2.184562917          -3.518911679     O 
           3.641015238           1.649790251           3.852413975     C 
          -4.779390062          -1.279334184          -4.158381807     H 
           2.969825862           0.507384484           1.429448666     C 
           3.202748905           0.695250662           5.760119949     H 
           4.056272489           3.545484629           3.893682957     H 
           5.387380624           0.495659450           2.452403585     O 
           2.557611149           1.802067026          -0.136084824     H 
           2.400621020          -1.585865145           1.329828296     H 
          -1.930083021          -1.415794880          -1.616220687     O 
          -0.674742634          -0.300030240          -0.654340029     H 
$end
