$coord
           0.659922028           4.770477639          -1.774010153     C 
           0.032938594           4.809742481           0.398076987     O 
           2.071081455          -3.882520397           1.910178248     C 
           2.319273163           5.753181602          -2.331523023     H 
           2.374312188          -1.970668119           3.792856540     C 
           3.534164674          -5.261510038           1.525499161     H 
           0.690070638          -3.636082742           0.381736017     H 
           1.062351659          -4.192380312           4.449947509     O 
           1.247407872          -0.295437980           3.718406219     H 
           4.375140260          -1.745293665           4.338414517     H 
          -0.065637698           3.279173124          -3.817350413     O 
          -1.108813659           1.792552051          -3.827877307     H 
$end
