$coord
           1.108324780           1.461349879           2.354503386     C 
           1.902524715           2.567102916          -0.062979384     O 
           2.976806311          -0.999000575           2.056315790     C 
           1.545776956           2.925791130           3.781355848     H 
           1.793391392          -1.916196397          -0.408112100     C 
           3.126020164          -2.300884379           3.689846348     H 
           4.825654581          -0.033638873           1.890320716     H 
           1.334810459           0.430975902          -1.792849421     O 
           0.078055666          -2.959396102          -0.037592313     H 
           2.684598155          -2.952760864          -1.916342145     H 
          -1.424404868           0.675427939           2.799237703     O 
          -1.921316661          -0.183601323           1.292772887     H 
$end
