$coord
          -1.177648424          -1.088710648          -2.551643219     C 
           0.214306225          -2.646121805          -1.603523352     O 
           3.170632711           0.843009810           2.523008365     C 
          -0.676856697           0.026888043          -4.214392207     H 
           1.175335761           2.478209358           1.060942587     C 
           4.019086870          -0.810204340           1.480913208     H 
           3.405124890           0.605886955           4.498184269     H 
           3.653906843           3.200747954           1.399322192     O 
          -0.264316105           3.646228736           1.994379865     H 
           0.859638489           2.287334287          -1.048211525     H 
          -3.254515512           0.040948247          -1.621682699     O 
          -3.921780141          -0.433962236           0.065577027     H 
$end
