$coord
           3.498402605           2.726835848          -2.336899367     C 
           4.244187821           2.796876458          -4.457651003     O 
          -0.519598997          -1.688206819           2.055040796     C 
           4.838253313           2.026431014          -0.668001580     H 
          -1.706564651          -3.105746743           4.112495096     C 
          -1.571060393          -1.082860649           0.422235078     H 
           1.601305553          -1.969777555           1.451251746     H 
          -1.218498092          -0.474953029           4.314271622     O 
          -0.350560863          -4.186054255           5.176500766     H 
          -3.514521610          -3.896682498           3.920930488     H 
           1.109189643           3.243471383          -1.807909833     O 
           0.308352644           3.294016042          -3.575746930     H 
$end
