$coord
          -1.853826829           3.787142207           1.555415283     C 
          -4.005726218           4.348456261           1.793788568     O 
           3.862081803          -1.660530713          -0.729503807     C 
          -0.326065359           5.121152680           2.681048252     H 
           3.810327849          -3.494877184           1.235657476     C 
           3.140243765           0.353097093          -0.011734105     H 
           3.290786147          -2.032960695          -2.510247423     H 
           6.010784523          -2.568498576           0.061350447     O 
           3.430026405          -5.407946832           0.395429562     H 
           4.263941424          -2.772462358           3.584124108     H 
          -0.777592020           1.470452065           1.094701229     O 
           0.684813935           1.739654188          -0.295041179     H 
$end
