$coord
          -1.234055554           0.161313872          -2.943211883     C 
          -0.408816534          -1.942597242          -3.183474475     O 
           2.389567664           0.888510124           1.943092869     C 
          -0.123360734           1.517702591          -1.792298670     H 
           2.835350784           0.170394114           4.605861539     C 
           0.426508593           1.483041656           1.372613115     H 
           3.573735538           0.260356248           0.430639240     H 
           3.429049275           2.497728088           3.733459863     O 
           4.332138086          -1.362115002           4.790200705     H 
           1.183740355           0.062341531           5.964337883     H 
          -2.978116308           1.320693852          -4.317052988     O 
          -3.894920188           0.053017136          -5.502578854     H 
$end
