$coord
          -3.261604871           1.290435444          -3.155416562     C 
          -5.311045781           1.198001085          -2.185593970     O 
           3.167279947           0.256454544           1.765775333     C 
          -2.957960402           1.410520613          -5.284437128     H 
           5.056230561          -1.357208355           2.578522466     C 
           1.373378395           0.321077104           2.796956959     H 
           3.119224893           0.993655402          -0.152786034     H 
           5.341866241           1.157313287           3.077741714     O 
           6.300751929          -2.060337984           1.032334920     H 
           4.696068474          -2.776178651           4.067141040     H 
          -0.943887790           0.958320833          -2.224650416     O 
          -0.940981387           0.894166111          -0.247777785     H 
$end
