$coord
           0.081743061           2.372505225          -2.451961031     C 
           0.288102958           0.173623491          -2.232156718     O 
           0.658893749          -2.558261955           4.899615904     C 
          -1.512857899           3.572434555          -1.763871508     H 
           0.929423278          -0.326707766           3.199679540     C 
           1.228874811          -4.434297016           4.284064937     H 
          -0.770024307          -2.314391820           6.279943316     H 
           2.694317465          -0.894477873           5.116710751     O 
          -0.084722554           1.303425318           3.517332189     H 
           1.688372046          -0.562624274           1.255874969     H 
           1.488596417           3.805255304          -4.019795800     O 
           2.889012098           2.896834764          -4.705589944     H 
$end
