$coord
           1.286664755           1.457110815           2.225078900     C 
           1.787011424           2.540947294          -0.032410044     O 
           2.915442907          -1.038693461           1.976477258     C 
           1.836537802           2.877598718           3.716984279     H 
           1.589029756          -1.894708136          -0.474775608     C 
           2.951290588          -2.247227520           3.598691275     H 
           4.901332476          -0.558893776           1.756812604     H 
           1.500792916           0.297453338          -1.822833000     O 
          -0.581031097          -2.463497655          -0.129118946     H 
           2.452231458          -3.516577959          -1.604661546     H 
          -1.243788347           0.667089702           2.868086387     O 
          -2.545126841           1.883796337           2.465337867     H 
$end
