$coord
           1.769953449           4.105110274          -2.785322038     C 
           3.485476921           4.078511072          -1.316085222     O 
           1.920170686          -2.667155192           3.994457487     C 
           1.126113845           4.721260203          -4.550563965     H 
          -0.773258589          -3.160918595           4.040069280     C 
           3.229030741          -4.192818737           3.447201178     H 
           2.608424879          -1.163749190           5.098736596     H 
           0.256795288          -1.918715127           2.014115866     O 
          -1.933153940          -2.062526883           5.358937788     H 
          -1.566140352          -4.987861664           3.643870820     H 
          -0.294249781           2.690791098          -2.243915826     O 
          -0.080582521           1.575840048          -0.860298911     H 
$end
