$coord
           1.092376957           1.108858766           2.098747037     C 
           0.026176822           1.804089833          -0.423408477     O 
           1.317488290          -1.737299465           1.452330005     C 
           2.851767372           2.003420678           1.964450554     H 
           3.137421324          -1.503380310          -0.773215261     C 
          -0.425399324          -2.684458380           0.657843735     H 
           1.635439044          -2.990526510           3.091864087     H 
           2.043392529           0.666222338          -1.937754722     O 
           2.954751402          -3.013341804          -2.013428527     H 
           5.060314136          -1.130531935          -0.133294299     H 
          -0.318673831           1.766463163           4.156490061     O 
           0.747436837           1.876545712           5.673702471     H 
$end
