$coord
          -0.343137784           1.362977507          -4.157595413     C 
          -1.755996386          -0.015776130          -3.063878354     O 
           2.002315450           0.568538346           4.859271598     C 
          -0.752054246           2.356084263          -5.918520661     H 
           0.876371888           0.766403362           2.304694643     C 
           0.650865371           0.507219946           6.544169034     H 
           3.786467307           1.039226467           5.490863986     H 
           1.752271185          -1.449631426           3.345046380     O 
           2.082932327           1.672754271           0.900301726     H 
          -1.171398955           0.996084332           1.992710916     H 
           2.010374897           1.914611824          -3.127391559     O 
           2.542950126           0.414429209          -2.250309028     H 
$end
