$coord
           1.389332015           1.407573987           2.315843782     C 
           1.198631988           2.391553482          -0.139217983     O 
           2.748798189          -1.193813523           2.029429690     C 
           2.259915443           2.942068006           3.651916686     H 
           1.331843920          -1.772346937          -0.527081351     C 
           2.736533932          -2.281225092           3.726967460     H 
           4.643071176          -0.601691020           1.377319569     H 
           2.171770771           0.482170952          -1.873605836     O 
          -0.739750117          -1.635360394          -0.631807001     H 
           2.040343236          -3.520712761          -1.384050336     H 
          -1.130680001           0.917024804           3.057219545     O 
          -1.561731608          -0.715638776           2.262315274     H 
$end
