$coord
           0.581213092           3.184121643          -1.488483530     C 
           2.401735299           3.435639016          -0.213256264     O 
           2.256282476          -2.499289847           3.838830790     C 
          -1.474991111           3.291062324          -0.551979476     H 
          -0.490707189          -2.036482143           3.937878569     C 
           2.645524185          -4.526026959           4.046679905     H 
           3.643665568          -1.127547734           4.354103976     H 
           0.785983297          -2.241480338           1.633853411     O 
          -1.212185775          -0.173594340           4.527932673     H 
          -1.529058680          -3.737840533           4.439128901     H 
           0.465853711           3.099058741          -3.959579645     O 
           1.919348782           3.175173898          -5.180425996     H 
$end
