$coord
           1.204771063           3.836860520          -2.830923662     C 
           2.650459059           2.232594903          -3.267980189     O 
           0.435597686          -1.918919199           2.323261429     C 
          -0.386903856           4.128126044          -4.162673899     H 
          -0.488747525          -2.767872502           4.795220507     C 
           2.159283745          -0.881938619           2.232910630     H 
          -0.833943238          -1.487212419           0.735848937     H 
           0.516131397          -4.437366575           3.035443904     O 
          -2.541373924          -3.004728355           5.049387646     H 
           0.805623132          -2.258026875           6.253772354     H 
           1.562689764           5.733375181          -0.986003059     O 
           2.907367627           5.108061555           0.188636625     H 
$end
