$coord
           1.121466951           1.146204531           2.196211528     C 
           0.531838429           2.035344117          -0.518787550     O 
           1.419741838          -1.669097012           1.640216482     C 
           2.930363081           2.153776384           2.479872533     H 
           3.133737328          -1.296742792          -0.518962459     C 
          -0.506411321          -1.860104876           0.786282656     H 
           1.714081673          -2.964646233           3.259231335     H 
           1.761886943           0.303910797          -2.213536844     O 
           3.790927662          -3.089535972          -1.330541146     H 
           4.614904840           0.108377649           0.163857286     H 
          -0.443540082           1.610075072           4.034286252     O 
          -1.280537620           0.137879616           4.588536685     H 
$end
