$coord
           1.210909346           1.367107579           2.142178112     C 
           1.521718057           2.494973529          -0.125819712     O 
           2.750057230          -1.047590419           2.146712747     C 
           1.984773584           2.814186280           3.724705763     H 
           1.695953181          -1.699015582          -0.485809722     C 
           2.419172434          -2.219126882           3.852197965     H 
           4.587043778          -0.690217489           2.066110297     H 
           1.860356754           0.549093632          -1.934997031     O 
          -0.396271514          -2.211681559          -0.144746034     H 
           2.574857286          -3.095710666          -1.663431592     H 
          -1.384127884           0.676110139           2.783973059     O 
          -0.980049440          -0.921787229           3.826299335     H 
$end
