$coord
          -2.695235020          -0.670087104          -2.190545905     C 
          -1.212135900          -2.312931833          -2.674621148     O 
           1.952208535           0.499455793           1.381542581     C 
          -4.938297876          -0.697812582          -2.148356337     H 
           4.468879337           0.694971000           2.595430104     C 
           0.064351507           0.186736864           2.128250095     H 
           1.959350490          -0.027162220          -0.729258007     H 
           3.003029628           2.910191615           2.009473359     O 
           6.016707062           0.220472232           1.204868750     H 
           4.865957692           0.401714538           4.618455196     H 
          -1.993389108           1.746016483          -1.654876709     O 
          -0.202803266           2.188755094          -1.579735222     H 
$end
