$coord
           2.622225304           2.891689867          -2.636560542     C 
           2.639949699           3.658123901          -4.802368583     O 
          -0.760202590          -1.800375941           4.810939335     C 
           3.759512422           1.207214123          -2.061647338     H 
          -0.086012821          -1.332975530           2.149790819     C 
          -2.785731072          -2.025354853           5.318890153     H 
           0.361348377          -1.230150747           6.385711416     H 
           0.335647259          -3.709591893           3.288279712     O 
           1.867868719          -0.438520207           1.683540607     H 
          -1.579185029          -0.974985011           0.773201503     H 
           1.109964997           3.467290878          -0.695967899     O 
          -0.314731531           4.918953719          -0.803589432     H 
$end
