$coord
          -1.570211275           3.208849624          -1.000588708     C 
          -0.388378403           1.472355523          -1.760226492     O 
           2.115746366          -3.833308183           2.077298467     C 
          -3.608399517           3.395066536          -0.796640961     H 
           3.152135619          -1.349313020           2.408024132     C 
           2.425705009          -4.406101095           0.146941012     H 
           0.636809675          -4.725629965           3.492008847     H 
           4.618177286          -3.451120273           3.067908582     O 
           1.925462281          -0.498867089           3.835470387     H 
           3.776878315           0.118391140           1.300843479     H 
          -0.562194962           5.571314282          -0.291653208     O 
          -1.671675545           6.464292780           0.693481149     H 
$end
