$coord
           2.755444563           3.368225996          -3.759597705     C 
           1.833124540           5.275491492          -3.188230522     O 
          -0.616323200          -1.952598814           5.097226018     C 
           2.581979938           2.247574698          -5.283112118     H 
          -2.376368365          -3.648929737           3.842222300     C 
           1.221399604          -2.716119472           5.251165902     H 
          -1.399925533          -0.578474267           6.267286867     H 
          -1.408411514          -1.597765096           2.579808616     O 
          -4.365558454          -3.358847708           3.698965651     H 
          -1.624511870          -5.495019750           3.244747582     H 
           4.993427808           2.337522639          -2.810955978     O 
           5.343402833           2.678347873          -1.169530670     H 
$end
