$coord
           2.200412661           4.472465815          -3.311749212     C 
           2.523138721           2.809074904          -4.959614083     O 
          -2.191643617          -1.749680045           3.973259114     C 
           0.355882199           5.463459618          -3.004011574     H 
           0.401225845          -2.677853420           3.851688221     C 
          -3.034207271          -0.625480673           2.497019936     H 
          -2.844993231          -1.242380659           5.859846266     H 
          -1.647462700          -4.320974304           3.554556155     O 
           1.394857058          -3.060074073           5.687851613     H 
           1.633366187          -2.267553684           2.266196400     H 
           3.864233417           4.693627756          -1.574607318     O 
           5.422677200           3.414644121          -1.729467457     H 
$end
