 -1.0
  0.41761127855456D+00  0.29118321763133D+01  0.19868298566022D+01 -0.21371946167463D-03 -0.48434522649255D-03 -0.17334033179833D-03
  0.23836813480842D+01  0.19944675217913D+01  0.28217610018888D+01 -0.23189223164923D-03 -0.41836734445962D-04  0.30939067669221D-03
  0.20691604488990D+01 -0.29168186058438D+01 -0.17843705355237D+01 -0.28279185627882D-03 -0.12578186015535D-03 -0.95415688479961D-04
 -0.12109903648242D+01  0.38225572343399D+01  0.31592268919562D+01  0.12845101949952D-02  0.52811135844760D-03  0.90050801329954D-03
  0.57878432720481D+00 -0.21697354883768D+01  0.70868703690620D+00 -0.76091973919405D-04  0.15606835807569D-03 -0.73483103866583D-04
  0.41438692001346D+01 -0.23869742985238D+01 -0.17916843242845D+01  0.41171702201980D-03  0.96675231686269D-03 -0.74844975701780D-04
  0.21204486723228D+01 -0.47330017421650D+01 -0.27539572357025D+01 -0.73796419211064D-04  0.97275508466046D-04 -0.43425575498470D-03
 -0.14533748143772D+01 -0.11671290599044D+01  0.46368586614258D+00  0.15145512572586D-03  0.44994879970316D-04  0.21430637376808D-03
  0.10496688759231D+01 -0.17300503097691D+01 -0.32282527906942D+01  0.16988918750571D-03 -0.11522243156371D-02 -0.32133944770330D-03
  0.16072819522326D+01 -0.20486368546293D+01  0.25318141336036D+01  0.16721863679385D-02  0.33592078987330D-03  0.47873567355855D-03
 -0.42929992762387D+00  0.28292854185081D+01 -0.30668524545011D+00 -0.50690449376004D-04  0.28478730728656D-03 -0.40848067812639D-03
  0.47792783396214D+00  0.16584929839339D+01 -0.14577924442758D+01  0.10232438202227D-02 -0.35246320242362D-03  0.58481713782427D-03
