$coord
          -1.245186277           1.243808151           1.610793805     C 
          -2.910963655           1.684414791           0.007568793     O 
           1.162372438           2.675542987           1.289638037     C 
          -1.266624227          -0.121002035           3.257484727     H 
           3.614458830           0.878762499           1.651404147     C 
           1.408702247           4.195135244           2.741265855     H 
           1.234789742           3.943705010          -0.341131705     H 
           4.006551939          -1.175497318           0.013852487     O 
           3.676854748           0.193032745           3.721403152     H 
           5.391202354           1.963412313           1.321200902     H 
           1.918299766          -2.825875118           0.335816265     O 
           2.573255566          -4.521660918          -0.215957103     H 
$end
