$coord
           3.121881941           2.335795878          -0.317394030     C 
           4.385265049           0.437777992          -0.009807951     O 
          -3.145396718          -3.842129753           1.029238325     C 
           2.138662500           3.171324822          -1.985256454     H 
          -1.212416901          -1.789926400           1.256155910     C 
          -2.114433930          -5.505818966           0.546477935     H 
          -3.534107385          -4.149540107           2.987734467     H 
          -1.078287689           0.216232269           0.210272558     O 
          -4.628779086          -3.536886314          -0.216915820     H 
           0.496642131          -2.109661595           2.483431061     H 
           2.897313557           4.384248661           1.193137442     O 
           3.529457827           3.859748772           2.960687721     H 
$end
