$coord
           4.156876975           2.538250237          -0.524278966     C 
           5.731114894           1.441246755           0.705370291     O 
          -1.629704062          -3.291851165           2.865285467     C 
           2.714572043           3.823065364          -0.024392699     H 
          -2.755963053          -0.559550671           2.677156082     C 
          -2.122341892          -4.261623579           1.063801158     H 
           0.408867803          -3.294943973           3.102749414     H 
          -4.460502679          -0.351646317           1.254865633     O 
          -2.347438393          -4.131127312           4.581038527     H 
          -2.149898672           0.935141737           4.207982217     H 
           3.857891900           2.389974479          -2.994530251     O 
           5.267297255           1.564758603          -3.848243660     H 
$end
