$coord
           0.298429264           5.462120335           3.018890271     C 
           1.341469280           6.158569350           1.192066160     O 
           0.868171565          -4.019873038          -3.203759302     C 
           1.323819837           4.636967430           4.640622141     H 
           2.436734896          -5.336750040          -1.251471159     C 
          -0.787755090          -5.060076257          -3.821508394     H 
           0.243199230          -2.125609301          -2.395135627     H 
           1.450956566          -6.356517899           0.553542467     O 
           2.067462094          -3.361834090          -4.785812548     H 
           4.361674680          -4.868192033          -1.424235668     H 
          -2.135227888           5.190138408           3.342836880     O 
          -3.169541077           5.526559414           1.877499236     H 
$end
