$coord
           2.771198066           2.374925458           4.673160552     C 
           0.661855821           3.082397158           4.912269687     O 
           1.130389729          -2.485267584          -3.454917862     C 
           4.189906338           3.391720649           3.620501856     H 
          -0.953128952          -0.757796970          -2.837885498     C 
           0.871565120          -3.184541012          -5.310390226     H 
           3.012749372          -1.582973360          -3.093195590     H 
          -2.324318161           0.456467271          -4.190892351     O 
           0.895602253          -4.104759987          -2.113574842     H 
          -1.046542958          -0.551730752          -0.720878656     H 
           3.986027552           0.123307137           4.992314546     O 
           2.755236876          -1.250862689           5.424133387     H 
$end
