$coord
           3.705869181           2.580958770           3.604700459     C 
           2.100087791           3.211904930           5.061670621     O 
          -1.600460484          -0.709285138           0.003024352     C 
           4.898325303           3.805184368           2.431859250     H 
          -1.661871898          -0.880689571          -2.800705817     C 
          -1.460514007          -2.681760078           0.746921429     H 
          -0.010252466           0.401297275           0.635818825     H 
          -0.324695504          -2.082666464          -4.239677400     O 
          -3.542762929          -0.010731864           0.707561686     H 
          -3.031218780           0.548049175          -3.824388625     H 
           4.033209058           0.180015026           2.537462837     O 
           2.980186486          -0.933016406           3.394638272     H 
$end
