$coord
           0.999714013           2.779182086           1.420094715     C 
           0.279379248           2.108404104           3.538155951     O 
          -0.120582203           1.292946765          -0.772037263     C 
           2.846673400           3.714454446           1.195197485     H 
           1.997437365          -0.092973630          -1.787485372     C 
          -1.345138128           2.598683600          -1.923679431     H 
          -1.459848658          -0.280264553          -0.073730620     H 
           3.019375226          -1.503836403           0.328490843     O 
           3.484171346           0.951792576          -2.652219546     H 
           1.292328030          -1.584668616          -2.961701739     H 
           1.432637309          -2.254862909           2.443505780     O 
          -0.019492599          -1.230298251           3.213134376     H 
$end
