$coord
           0.161178381           2.863680589           3.413616462     C 
           0.082806868           4.506628812           1.877658607     O 
          -0.511865955          -0.054639290           2.812784569     C 
           0.490526470           3.179414986           5.527816921     H 
           1.739604640          -0.565628391           0.980824888     C 
          -2.368181989          -0.456558637           2.202503889     H 
          -0.361085867          -1.180401431           4.494210000     H 
           1.133973212          -1.431528510          -1.508663107     O 
           3.252362173          -1.805082359           1.837329380     H 
           2.378491020           1.340606122           0.579045377     H 
           3.577376649          -2.416146279          -2.209460029     O 
           4.757982483          -1.000519160          -2.616085820     H 
$end
