$coord
          -0.699293031           3.041243665           1.605471058     C 
          -2.866591897           3.807061698           1.401904112     O 
           0.239409374           0.705527647           0.154942962     C 
           0.624057159           3.631384882           3.323611209     H 
           1.195728332          -1.744830603           1.482741738     C 
           2.146946257           1.252198393          -0.762723168     H 
          -1.250656071           0.200408585          -1.198733125     H 
           3.834441653          -1.823868754           1.548183883     O 
           0.545070853          -3.423292871           0.488724423     H 
           0.595589291          -1.711957469           3.396044971     H 
           5.070015102          -1.350616965          -0.714290642     O 
           3.572991159          -1.533220076          -1.924066303     H 
$end
