$coord
          -1.199610011           3.358764481           1.689661438     C 
          -3.273043091           3.405975845           2.595695133     O 
           0.856152341           1.252603336           2.151123294     C 
          -0.507001515           5.304708942           0.797416379     H 
           1.530067860          -0.529355701          -0.052452711     C 
          -0.162597731          -0.158500011           3.306404922     H 
           2.409377219           2.089726622           3.106651611     H 
           3.722811545          -1.819838118           0.719022524     O 
           2.164323405           0.538369619          -1.671265168     H 
          -0.106784692          -1.702197600          -0.452804156     H 
           5.059499191          -3.191282925          -1.343203994     O 
           4.398994252          -2.561389111          -3.071303943     H 
$end
