$coord
           1.680361795           3.884832095           0.803841094     C 
           3.417420659           3.841026092          -0.718345752     O 
          -0.989521586          -5.165979774          -0.230155459     C 
          -0.355552997           4.170366312           0.466410195     H 
           0.187001879          -2.610807931          -0.254757713     C 
           0.512360911          -6.388691157          -0.900458549     H 
          -2.012151601          -5.631166971           1.508584307     H 
          -0.342639095          -0.838292657           1.050367119     O 
          -2.270277323          -5.161634043          -1.811522176     H 
           1.554119476          -2.295089806          -1.835108760     H 
           1.816287438           3.470095580           3.314971649     O 
           3.628719090           2.963228832           4.021460693     H 
$end
