$coord
           3.104699769           3.168807366           2.160339314     C 
           5.348971439           3.156708857           2.397623736     O 
          -2.722629826          -4.234809905           0.716966882     C 
           1.664084956           2.420906365           3.625790836     H 
          -0.615208679          -2.481044904           0.262072206     C 
          -4.598751134          -4.019924064          -0.320888032     H 
          -1.858792551          -6.055712178           0.486902892     H 
          -0.244557294          -0.759620029          -1.097685814     O 
          -3.444716862          -4.343545318           2.609432758     H 
           0.862760881          -3.139341012           1.456548281     H 
           1.940613999           4.010652787           0.195676733     O 
           3.146975247           4.178729566          -1.327495448     H 
$end
