$coord
           2.168205633           4.772125841           1.891305935     C 
           3.951190592           4.245151821           0.552457852     O 
          -0.696622592          -2.000552168           0.015937738     C 
           0.793744207           6.280765226           1.609644874     H 
          -0.706163492          -4.707106922          -1.262743322     C 
          -2.093552186          -0.589219168          -0.524406106     H 
          -1.106550204          -2.254758053           2.241538330     H 
          -2.397747969          -5.159739655          -2.662375080     O 
           1.217512784          -0.966273760          -0.234131846     H 
           0.682738137          -5.917134405          -0.430514027     H 
           2.001876024           3.776482891           4.264107826     O 
           3.415158906           2.556010266           4.410281119     H 
$end
