$coord
          -0.859916358           1.207697749          -0.033326091     C 
          -2.461340014           1.682229427           1.472354879     O 
           1.765951264           2.588216739           0.435686748     C 
          -0.866960953          -0.132987128          -1.722555233     H 
           3.176113854           0.921055016           2.260513568     C 
           1.263087842           4.426882649           1.224174696     H 
           2.885903908           2.836732215          -1.244299526     H 
           2.643856972          -1.729577995           1.898181571     O 
           2.758829895           1.411483301           4.275080197     H 
           5.174487240           1.101696764           2.041739472     H 
           2.263864985          -2.544131423          -0.654497557     O 
           3.540822452          -1.637168697          -1.585253314     H 
$end
