$coord
          -1.228075369           3.080252166           0.364662181     C 
          -0.627009823           4.515054921           2.002386511     O 
          -0.504520322           0.365583398           0.372262647     C 
          -1.949641927           3.862679830          -1.561179149     H 
           1.591685161          -0.371113576           2.309160885     C 
           0.449111024           0.326018507          -1.539535086     H 
          -1.933855559          -1.159726064           0.239141887     H 
           3.879280737          -1.236183606           1.044270958     O 
           1.021273561          -1.455583939           4.022913396     H 
           2.191839866           1.577401699           3.055807461     H 
           3.459629236          -3.442211743          -0.535559155     O 
           4.679907681          -3.578311367          -1.986928353     H 
$end
