$coord
           3.553247438           2.836164490          -1.604526208     C 
           1.555390075           3.629627538          -2.528689304     O 
          -1.971520135          -1.535728557           4.372121588     C 
           4.790621996           2.056203328          -3.285567248     H 
          -0.118719094          -2.857965860           2.622997665     C 
          -3.781108155          -2.259191789           3.843612807     H 
          -1.448755435          -1.295143816           6.324533092     H 
          -0.696564485          -3.144805520           0.392378776     O 
          -2.355906316           0.619431676           3.938047324     H 
           1.679863900          -3.577926042           3.328561996     H 
           4.015186726           3.423284896           0.830907131     O 
           5.560203364           3.138177642           1.714382213     H 
$end
