$coord
           2.123890334           4.535579320           2.344346846     C 
           3.690571316           2.789450559           2.588777445     O 
          -0.257432973          -3.372003196           0.560184754     C 
           2.082348966           5.947088938           1.048646960     H 
          -0.333410828          -3.980745037          -2.184904549     C 
           0.039943565          -1.267995137           0.870709683     H 
          -1.952946258          -4.016761569           1.398087613     H 
           0.668606035          -2.972573853          -3.943305990     O 
           1.554784537          -4.126615637           1.376677278     H 
          -1.177948094          -5.890197041          -2.356688478     H 
           0.198523513           4.998665674           3.981468468     O 
          -0.107545708           3.838808007           5.299630101     H 
$end
