$coord
          -0.840203117           5.268210006           2.891748958     C 
           1.063247465           5.029033455           4.117546103     O 
          -0.492819851          -4.956653256          -1.482013749     C 
          -2.730797728           4.506162894           3.671833011     H 
           2.186885955          -4.795305802          -1.963229836     C 
          -0.886870002          -6.501759935          -0.148496953     H 
          -1.269706684          -3.287087992          -0.535500468     H 
           3.810766464          -5.404379122          -0.473518757     O 
          -1.723012629          -5.171939514          -3.217817826     H 
           2.663838079          -4.333932861          -3.964089001     H 
          -1.068881435           6.155799728           0.586993808     O 
           0.524333426           6.636196171          -0.135718199     H 
$end
