$coord
           0.832854401           2.451604500           1.549550957     C 
           3.042088528           2.681019502           1.494850839     O 
          -0.385369600          -0.070005011           2.863595488     C 
          -0.439063868           3.807137745           0.662296771     H 
           1.912115003          -1.715682400           1.921952578     C 
          -2.187538786          -0.577348751           1.993865510     H 
          -0.765183704           0.187896423           4.925885092     H 
           1.983190333          -1.239871874          -0.725761464     O 
           1.900867862          -3.799368337           2.054161378     H 
           3.709664629          -1.055675836           2.801956993     H 
          -0.079858673           0.582909113          -1.910764131     O 
          -1.449290074           0.013567881          -0.933991034     H 
$end
