$coord
           0.004710161           4.709138398           2.825610948     C 
          -1.094066886           5.933653525           1.209216390     O 
           2.851262672          -3.676034482           0.155862375     C 
           2.096392180           4.870263781           3.060419223     H 
           1.401402571          -4.871789844          -2.148773438     C 
           4.573827934          -3.055513977          -0.670164034     H 
           1.848905344          -2.014581969           0.868676003     H 
           2.141872511          -4.430978841          -4.293758036     O 
           3.243700458          -5.303227830           1.317098944     H 
          -0.183030724          -6.349223818          -1.634788792     H 
          -1.160607517           3.697939438           4.854509900     O 
          -2.919078970           3.714694467           4.472104370     H 
$end
