$coord
           2.939190354           3.477903534           2.187786569     C 
           1.007515219           4.647191756           2.123257401     O 
          -2.335991922          -3.357251897           1.764657634     C 
           3.445705190           2.514882318           3.941114155     H 
          -1.162449438          -4.060285536          -0.980817747     C 
          -0.836163701          -2.633523607           2.907749749     H 
          -3.806057355          -2.076263342           1.379917341     H 
          -0.471840083          -2.437734338          -2.377920473     O 
          -3.095074679          -5.133641306           2.570683475     H 
          -1.353816395          -6.013219499          -1.484906614     H 
           4.690935484           3.379889674           0.621766086     O 
           4.167212777           3.901328557          -1.132353701     H 
$end
