$coord
           1.153924838           3.075402309          -0.681547104     C 
           2.746912202           1.588899756          -0.863119671     O 
           0.588479666          -0.476331810           3.787045580     C 
          -0.727079865           2.629987840           0.486661030     H 
           0.013815589          -2.824199729           1.963085265     C 
          -0.934923458           0.433700317           3.471809959     H 
           1.032809384          -1.326630014           5.888409573     H 
           0.796604693          -4.988142199           2.047157218     O 
           2.289419860           0.511925244           3.052762983     H 
          -1.105608392          -2.185184100           0.457150033     H 
           1.228908207           5.394858621          -1.492217705     O 
           2.994885282           5.492682514          -2.143525715     H 
$end
