$coord
           1.023969729           2.807269836           2.629705184     C 
          -0.885408368           3.780168818           3.094195437     O 
           0.916308412          -1.639052572          -2.908776686     C 
           2.341988162           2.204529676           4.097258135     H 
           0.430980857          -3.460281637          -0.616437362     C 
           2.503172150          -0.286930214          -2.747810101     H 
           0.821126453          -2.829507446          -4.635064645     H 
           0.074518746          -2.669260388           1.452691886     O 
          -0.700387916          -0.306372464          -2.798918418     H 
           0.509550093          -5.518554632          -1.100224966     H 
           2.031383616           2.398821365           0.369742762     O 
           1.139970755           3.238408125          -0.990002703     H 
$end
