$coord
           4.810924112           1.919828210          -0.562978099     C 
           4.633642964           4.000017561          -1.107576908     O 
          -1.424129697          -0.098287115           2.346815808     C 
           4.794526168           1.398347911           1.651906356     H 
          -3.952336267          -1.105439572           3.027693910     C 
          -1.806792208           1.802463824           1.629834347     H 
          -0.207921367           0.277077737           3.961133748     H 
          -4.790184039          -3.081469447           2.309173745     O 
          -0.261856934          -1.352375794           1.271242229     H 
          -5.070715247           0.208733561           4.215132188     H 
           5.618266937          -0.015600331          -1.953914799     O 
           5.527785501           0.850167938          -3.584379790     H 
$end
