$coord
          -0.340111079           3.227803306           3.453185664     C 
          -2.317718855           3.918293495           2.405540334     O 
           1.337027456           0.889442079           2.846119808     C 
           0.483909968           4.224267709           5.254651657     H 
           0.635767327          -0.658377502           0.343948652     C 
           1.496428979          -0.094472647           4.733572480     H 
           3.217589875           1.957502155           2.401882983     H 
           2.805734691          -0.903612313          -1.497411547     O 
          -0.797038656           0.539022162          -0.588287304     H 
           0.086353262          -2.648772527           0.877059539     H 
           4.159730856          -3.242680863          -2.013987196     O 
           3.172755181          -4.225522691          -3.298587918     H 
$end
