$coord
           4.039935899           1.380405132           1.262842376     C 
           5.778307906           2.690925714           0.940039547     O 
          -2.434174846          -0.749398957          -1.543995459     C 
           4.056734696          -0.372739999           2.514863378     H 
          -1.803302201          -0.906412605           1.306138485     C 
          -2.310688788           1.118393926          -2.289895032     H 
          -0.967030906          -1.789141113          -2.499331778     H 
          -2.260202522          -2.693248132           2.640920001     O 
          -4.288248621          -1.319176141          -2.260228820     H 
          -0.674753359           0.781145049           2.003305968     H 
           1.813934340           1.681190951          -0.114451224     O 
           2.336570406           2.827545902          -1.588845057     H 
$end
