$coord
           0.887575095           1.975394229           2.151576202     C 
          -0.915556836           0.953261230           3.106520135     O 
           1.321530615           2.422726545          -0.755225183     C 
           2.232969389           2.912744052           3.391530455     H 
           1.005585374          -0.369777311          -1.859522437     C 
           3.284100610           2.894303660          -1.299543420     H 
           0.131208369           3.755127965          -1.597145011     H 
           1.510250036          -2.135771702           0.384840323     O 
           2.245883887          -0.543770743          -3.350309634     H 
          -0.911357201          -0.696140142          -2.511805879     H 
           3.285775583          -0.829972528           2.107963203     O 
           2.592387118          -1.550562095           3.789419015     H 
$end
