$coord
           1.044496804           3.667950826           3.447129098     C 
           1.771951549           4.806688815           1.609181480     O 
          -0.040637231          -4.897157444          -1.886476415     C 
           0.516439568           4.333787082           5.271652845     H 
           0.316348781          -2.201458705          -0.898660657     C 
          -2.043199524          -5.628199040          -1.420162600     H 
           0.268133844          -4.550369931          -3.976836195     H 
           1.264728034          -0.466569916          -2.185819245     O 
           1.236523964          -6.338284186          -1.125945430     H 
          -0.176824033          -2.391995928           1.204898297     H 
           0.282153011           1.362745905           3.355462284     O 
           0.552662020           0.769519690           1.669630747     H 
$end
