$coord
          -0.619964113           3.755635696           0.929175225     C 
          -2.127758636           5.247956157           2.006412890     O 
          -0.347196518           0.974518455           1.926746950     C 
           0.285436899           4.259911304          -0.887559144     H 
           1.475814649          -0.720075734           0.301238739     C 
          -2.230997300           0.195383461           1.790632235     H 
           0.283078924           0.823020070           3.908475420     H 
           3.124253455          -2.746689116           1.257260125     O 
           2.584394858           0.721924400          -0.628229237     H 
           0.201574944          -1.641123787          -1.097269775     H 
           4.892380128          -3.194620068          -0.751577339     O 
           4.393702276          -4.680669864          -1.678720149     H 
$end
