$coord
           3.767461052           3.782566330           1.094774094     C 
           5.628186700           2.826043504           1.940260381     O 
          -4.060393794          -2.093907859           0.463972184     C 
           3.424917626           5.796222807           0.862071048     H 
          -1.383952544          -2.847747088          -0.038913966     C 
          -4.243413242          -0.687274251           2.000655005     H 
          -4.935070281          -1.210740889          -1.307206273     H 
           0.459695586          -2.507955242           1.227963040     O 
          -5.040032654          -3.933462690           0.948735480     H 
          -1.461633227          -4.199567700          -1.708776824     H 
           2.058362243           2.852783444          -0.387705368     O 
           1.739437346           1.180605209           0.115487480     H 
$end
