$coord
          -0.604702274           3.117467257           1.413206547     C 
          -2.704985362           2.271133433           1.439456592     O 
           1.625919873           2.098035689          -0.247088729     C 
           0.097241651           4.472267472           2.861924667     H 
           2.987013012           0.372159297           1.839536563     C 
           2.228539186           3.859506224          -1.138608326     H 
           1.064119706           0.701374280          -1.675987765     H 
           3.899144513          -1.872275077           0.620258988     O 
           1.420254469          -0.152001194           3.187827492     H 
           4.251426019           1.673312394           2.750141079     H 
           1.751655590          -3.464873657           0.026021908     O 
           0.258488867          -2.389878667          -0.127580861     H 
$end
