$coord
           0.173476927           4.921740612           2.956524123     C 
           0.335135274           6.594823623           1.378905672     O 
           3.139738983          -3.137457716          -2.658485925     C 
           1.750826183           3.802203712           3.323226682     H 
           2.181837804          -5.135272936          -0.736135019     C 
           5.202398707          -2.789114919          -2.701404157     H 
           2.717542505          -3.798628740          -4.590805184     H 
           0.357152501          -6.352850748          -1.141725470     O 
           2.331596924          -1.243910855          -2.535877795     H 
           3.405026565          -5.692268607           0.941029112     H 
          -2.042634774           4.121683591           3.821561248     O 
          -3.217001686           5.081006582           2.720386610     H 
$end
