$coord
          -0.677064119           2.765600507           2.650418889     C 
          -2.171801497           2.723949778           0.915346386     O 
           2.080247707           2.631914383           1.908194271     C 
          -1.235544715           2.376286162           4.793379513     H 
           2.433716125           0.726763506          -0.449925898     C 
           3.341394635           2.134253312           3.487600764     H 
           2.633414877           4.571696756           1.160124365     H 
           1.479992771          -1.799260759           0.240960173     O 
           4.429326215           0.508252563          -1.215050106     H 
           1.294514062           1.317025946          -2.065063047     H 
           3.113484188          -3.929654968           0.191156536     O 
           2.570464774          -5.206728853          -1.173082428     H 
$end
