$coord
           5.080083918           1.781563258          -0.769942006     C 
           3.535168113           3.457251115          -1.130631956     O 
          -2.273456374           0.590832310           4.106405636     C 
           6.223010627           1.497082734           0.947537521     H 
          -2.763011441          -1.342942449           2.084038882     C 
          -0.859114353           1.965370978           3.475061237     H 
          -3.889989883           1.499523446           5.070931748     H 
          -4.397932370          -2.935126805           2.129175117     O 
          -1.512662609          -0.630141560           5.655443043     H 
          -1.339701267          -1.195894310           0.303791413     H 
           5.621681489           0.034823290          -2.546095252     O 
           5.149501347           0.792416406          -4.083262332     H 
$end
