$coord
           5.052985530           1.066784280          -1.008516257     C 
           4.525739461          -0.742406476          -2.284071094     O 
          -1.503797091           0.119031201           1.133596971     C 
           6.259644746           0.992699216           0.600477222     H 
          -3.571381370          -1.257458386           2.685749070     C 
          -1.694181061          -0.324742452          -0.801852703     H 
          -1.555899582           2.166630507           1.504415466     H 
          -3.571342660          -1.322797084           4.928726596     O 
           0.306240661          -0.497610045           2.017032929     H 
          -5.137615247          -1.971443043           1.514562656     H 
           4.000243813           3.344828315          -1.237919364     O 
           2.945102499           3.904386752          -2.596064864     H 
$end
