$coord
           5.386280361           1.682088942          -0.449618225     C 
           5.171909446           3.593661126           0.798607209     O 
          -4.106943876           0.450448677           2.487554627     C 
           6.338346028          -0.055730740          -0.120038369     H 
          -2.856781309          -2.051994165           2.678956138     C 
          -5.229399405           0.639808289           0.834385341     H 
          -4.761645504           1.383113566           4.250060458     H 
          -2.740646827          -3.801538049           1.188056898     O 
          -2.484183624           1.588659188           1.854222863     H 
          -2.149030684          -2.157523090           4.578966079     H 
           4.367952465           1.314246192          -2.812332125     O 
           3.189607257           2.761497456          -3.250373060     H 
$end
