$coord
           1.547968034           3.437278819           2.316131910     C 
          -0.296032110           3.801236718           1.009503050     O 
          -1.699421501          -4.628050916          -2.072240744     C 
           1.697314484           2.041844468           3.876745056     H 
          -0.039668894          -2.710549588          -0.544988951     C 
          -0.604907868          -6.324655984          -1.836988177     H 
          -3.322134462          -4.777862878          -0.842781724     H 
           1.555035418          -3.423700876           0.843462825     O 
          -2.673020127          -4.028161244          -3.780254740     H 
          -0.670077502          -0.794620318          -0.650834420     H 
           3.549889567           4.909033627           2.214337114     O 
           3.321135110           5.667658234           0.569167034     H 
$end
