$coord
          -0.537888141           3.117586919           2.344780568     C 
          -0.754626557           4.250975237           0.377317433     O 
           0.827237331           0.697645315           2.552226879     C 
          -1.270467750           3.668002267           4.224978042     H 
           3.069741457           0.398980843           0.704771420     C 
          -0.673924474          -0.642555581           2.302113356     H 
           1.581691014           0.710329709           4.572083907     H 
           3.262320203          -2.307381486           0.401721273     O 
           4.867570574           1.478319337           1.198779267     H 
           2.659740283           1.145844604          -1.241310028     H 
           1.557361357          -3.552231834          -1.267068595     O 
           0.067777462          -3.936875108          -0.360449817     H 
$end
