$coord
          -0.648057953           1.940402121           3.034298824     C 
          -1.473929767           3.887907726           3.972744625     O 
          -0.193753912           1.877408420           0.320026373     C 
          -0.284256329          -0.007733718           3.879957618     H 
           2.038529136           0.451466092          -0.723448941     C 
           0.306485642           3.952515855          -0.202220669     H 
          -1.837540612           1.378490923          -0.854241504     H 
           2.485262164          -1.960686295           0.617485081     O 
           3.611107690           1.725728916          -0.868591568     H 
           1.499964774           0.112361763          -2.754205569     H 
           4.141991373          -3.302768630          -1.051358301     O 
           3.336525935          -3.127515995          -2.759983156     H 
$end
