$coord
          -0.206968602           2.043112373           2.046607250     C 
           0.794058294           3.973201462           2.535566781     O 
          -0.392372260           0.924409111          -0.613327267     C 
          -0.740569849           0.513329616           3.450474553     H 
           0.183280038          -1.903328594          -0.423013946     C 
           0.660655608           1.928869995          -2.081780367     H 
          -2.393722989           1.264309298          -1.054954283     H 
           2.942829264          -2.089192577          -0.185377294     O 
          -0.538093296          -2.723597943          -2.271937220     H 
          -0.722465595          -2.958943729           1.251601872     H 
           3.866048468          -0.588265504           1.874233997     O 
           3.409715481           1.310105847           1.596266525     H 
$end
