 -1.0
  0.98377509801598D+00  0.25509141868090D+01  0.53317921059918D+00 -0.40616157845762D-03  0.57736048482592D-04  0.30351174787425D-03
  0.98793391125262D+00  0.37623010243359D+01 -0.13198821518421D+01  0.21173360824369D-03 -0.53401710913947D-04  0.20606404767199D-03
  0.67490309638393D+00 -0.23085889114076D+00  0.10522806472475D+01 -0.13827518841475D-03 -0.30080559833552D-04 -0.21523923447130D-05
  0.22955575600364D+01 -0.62542059406835D+01 -0.52199347425049D+00  0.55427331615545D-03 -0.36337256578131D-03  0.67160306653682D-03
  0.11389507884212D+01 -0.32881140290722D+01  0.82376993666232D+00 -0.14865710870962D-03 -0.33458286212225D-03  0.26750449342079D-03
 -0.11356668551112D+01 -0.27253909719677D+00  0.29137011025466D+00  0.38460717961550D-03  0.43358884216219D-03  0.53064106611779D-04
  0.82957249444085D+00 -0.15382014393889D+00  0.31400592537680D+01  0.16255966478817D-02  0.13699609702142D-02  0.33710554630503D-03
  0.25977720624970D+01 -0.45335295573039D+01 -0.10218784086772D+01  0.93521588605694D-04 -0.41478963682184D-03 -0.40572166893813D-03
 -0.72360842758513D+00 -0.43165524865468D+01  0.62007226173391D+00 -0.10148863654749D-03  0.28613449264006D-03 -0.44238593127276D-03
  0.20019171078053D+01 -0.36453307153451D+01  0.27650533426825D+01  0.79115710824875D-03  0.56488988566667D-03 -0.12153709481647D-02
 -0.28388064721965D-02  0.34617972679317D+01  0.28284829590046D+01 -0.20764740470517D-03  0.26753973919628D-03 -0.11326940026876D-03
 -0.95172587724528D+00  0.50782773862682D+01  0.25131765268383D+01  0.12739659963761D-03  0.11572033893250D-02 -0.31700539071461D-03
