$coord
           3.379381053           2.978856324           1.625696255     C 
           3.520897158           4.878401849           2.856659543     O 
           0.712561872           1.877867180           1.405734782     C 
           5.209836987           2.162292492           1.101224194     H 
          -0.338349806          -0.819687129           0.689079913     C 
          -0.047574445           3.112266636          -0.026254303     H 
          -0.025449659           2.821947655           3.101171703     H 
           1.062292750          -2.398353336          -1.015027248     O 
          -2.177343926          -0.403609767          -0.306415429     H 
          -0.623002692          -1.900007416           2.583808034     H 
          -0.635944530          -4.600279688          -1.261282321     O 
          -0.804866685          -5.483260491           0.389870074     H 
$end
