$coord
           0.550044408           2.304863955           3.488198355     C 
           2.776839473           2.369587961           4.190078945     O 
          -0.222704378          -0.241657423           2.487520731     C 
          -0.857657541           3.806894548           3.791855901     H 
           1.919352451          -1.452701688           0.641302827     C 
          -2.086967759          -0.511353819           1.540643126     H 
          -0.297614100          -1.365543311           4.280857502     H 
           1.004727961          -1.618134623          -1.883121754     O 
           2.689830906          -3.227289704           1.183708214     H 
           3.417187955          -0.122859835           0.449320712     H 
           1.291528162           0.503669458          -3.417916591     O 
           3.098201618           0.844279265          -3.003951396     H 
$end
