$coord
           2.731612653           2.692024224           2.318618635     C 
           2.556742150           4.839082042           2.812374155     O 
           1.548024797           1.333270555           0.204177062     C 
           4.281267818           1.529517824           3.136554052     H 
           2.104960405          -1.356739161           0.732117329     C 
           2.733783453           1.748989884          -1.322525341     H 
          -0.448676578           1.681742321           0.016129883     H 
           0.608335170          -2.772546780          -1.153502801     O 
           1.453765956          -2.011676543           2.775971371     H 
           4.133654017          -1.873461031           0.494342151     H 
          -2.005802204          -2.796627230          -0.253388718     O 
          -2.469128298          -0.974761316          -0.148655510     H 
$end
