$coord
           2.310797168           0.982884478           1.350749096     C 
           3.659127456           2.118903122           0.052168652     O 
           2.151877886          -1.956172926           0.887209181     C 
          -3.248167105          -0.236340946          -1.323928914     H 
           0.382209837          -1.490265050          -1.346043637     C 
           1.308496833          -3.039165630           2.539506314     H 
           3.972289298          -3.006816033           0.797023210     H 
          -1.959638853          -0.801002729          -0.112501005     O 
           0.165312649          -3.147113244          -2.696137544     H 
           0.958515315           0.279496430          -2.308535702     H 
           0.504813930           1.987235437           2.913879909     O 
          -1.027847954           1.108038092           2.293911984     H 
$end
