$coord
           1.425993497           1.995368317           1.248092205     C 
           2.455729245           2.416506427           3.244673375     O 
          -0.852093798           0.187599768           0.894026623     C 
           1.000214076          -5.576079276          -1.322126004     H 
           0.857105433          -1.987737502          -0.082858150     C 
          -2.197575428           1.148187040          -0.428368705     H 
          -1.383987835          -0.376985075           2.765624084     H 
           0.102812637          -4.592174170          -0.060279594     O 
           2.363766419          -1.791466387           1.293263853     H 
           1.269800810          -1.548757519          -2.266313248     H 
           2.164596756           3.218906108          -1.010222063     O 
           1.379743411           2.212302802          -2.386193058     H 
$end
