$coord
           2.524370493           0.846923828           2.583675439     C 
           3.872250723           2.466337692           1.794062200     O 
          -0.364624527           1.168921444           2.325794814     C 
           3.232019384          -0.893746775           3.636873454     H 
          -0.695477344           1.021455364          -0.401115307     C 
          -0.916258249           3.105299686           2.957206279     H 
          -1.658225260          -0.044138974           3.393277261     H 
          -0.069112389          -1.492981559          -1.217991827     O 
           0.865154158           2.146989017          -1.437893124     H 
          -2.544501753           1.654817579          -0.764356091     H 
           2.185164496          -2.147975175          -0.108391494     O 
           3.587007452          -2.553364897          -1.256774666     H 
$end
