$coord
           1.214859710           1.954575599           0.647982828     C 
           3.515781891           1.904287925           0.207215166     O 
          -0.556607612          -0.188756680           1.804369032     C 
           3.115894073          -3.531042441          -1.233119212     H 
           0.813236245          -2.786371877           1.713945453     C 
          -2.524829919          -0.291008618           1.133796307     H 
          -0.988294353           0.358610314           3.748993560     H 
           1.400366835          -3.692936762          -0.835685298     O 
          -0.274020354          -4.416933553           2.720794003     H 
           2.509576203          -2.572475176           3.044298152     H 
          -0.284116414           3.776869419          -0.191456872     O 
           0.714814843           5.209446352          -0.805054447     H 
$end
