$coord
           1.725921718           1.097108859           1.750887486     C 
           2.655349139           2.054469473          -0.041910115     O 
           0.725535579          -1.477018677           1.697896100     C 
           0.039761222           0.972819286          -2.654356791     H 
          -0.362530639          -2.286306109          -0.971425018     C 
          -0.909470667          -1.736721179           3.054484322     H 
           2.066098968          -2.938309781           2.466952427     H 
           0.092207325          -0.796082758          -3.108942286     O 
          -2.565159850          -2.562916197          -0.846091542     H 
           0.464004095          -4.079395244          -1.383562172     H 
           1.715703597           2.065230942           4.222708836     O 
           2.455594274           3.686275303           4.412260378     H 
$end
