$coord
           1.023556939           1.956703529           2.343582103     C 
           3.128299398           1.865734464           3.080578558     O 
           0.497016838           1.797773820          -0.563571683     C 
          -0.879469340           2.601837556           3.576927942     H 
           2.144783198          -0.333806835          -1.589485139     C 
           0.762229096           3.607403308          -1.425033879     H 
          -1.279370192           0.973999219          -1.188256755     H 
           1.705377286          -2.018146426           0.634386937     O 
           4.234617698          -0.119672905          -1.956635000     H 
           1.344788776          -1.104907602          -3.543093557     H 
          -1.097008531          -2.190814500           0.521650740     O 
          -1.554166485          -1.659151343           2.213637906     H 
$end
