$coord
           2.701736768           2.959139092           2.750447744     C 
           2.140496672           4.584882529           4.223934693     O 
           0.960637408           0.631169401           2.430431163     C 
           4.586993543           2.724595274           1.954698559     H 
           1.954012649          -1.429618724           0.431859111     C 
          -0.985456363           1.650249080           2.391598834     H 
           0.973876026          -0.567737493           4.099930416     H 
           1.193850136          -1.166790070          -2.065466211     O 
           1.278440770          -3.489590714           0.752739504     H 
           4.062058611          -1.591637410           0.578871627     H 
          -1.050535820          -2.821482303          -2.113260199     O 
          -1.513501909          -2.764295093          -3.916509410     H 
$end
