$coord
           2.014155704           1.689291709           2.056942983     C 
           1.672071701           3.884778768           1.599402395     O 
          -0.134916547          -0.227793780           1.264441546     C 
          -1.923908366          -2.698979362          -4.373955459     H 
           0.524341819          -1.638673649          -1.325131409     C 
          -1.666372092           1.032648518           0.911538942     H 
          -0.799786867          -1.140065825           2.966101342     H 
          -1.731839820          -2.662932770          -2.501050671     O 
           1.898073962          -3.274890178          -0.734231633     H 
           1.388312168          -0.165976217          -2.460293045     H 
           4.023594649           0.311940071           3.029948586     O 
           3.831895974          -1.355075398           2.179824655     H 
$end
