$coord
           0.291037950           1.986083952          -0.398055912     C 
          -0.017511269           2.838460099          -2.444284133     O 
          -0.492665537          -0.486782106           0.891196927     C 
           3.635830294          -2.347150510           3.408039407     H 
           1.257809854          -2.859831312           0.554384990     C 
          -2.604270958          -1.065462033           0.440465714     H 
          -0.428969595          -0.155640877           2.959473388     H 
           2.570033351          -3.728096709           2.883607044     O 
           2.634225599          -2.489164896          -1.023741979     H 
          -0.006323745          -4.520283583           0.078329977     H 
           1.924210911           3.226158655           1.336564594     O 
           3.057508185           4.590622463           0.709537414     H 
$end
