$coord
           1.127348700           1.556491992           3.850668258     C 
           3.372042513           1.045991725           3.464814538     O 
          -0.649463526           1.024614545           1.668397167     C 
           0.386612829           2.229508677           5.675546962     H 
           0.625666650           1.616724907          -0.886873078     C 
          -2.603176393           1.700700637           2.033820292     H 
          -0.597924269          -0.994736502           2.128840821     H 
           1.069549782          -0.502036455          -2.218234512     O 
           2.535021358           2.368507562          -0.224214618     H 
          -0.318871801           2.617345451          -2.398969437     H 
           1.951737331          -2.755856496          -0.765841683     O 
           2.982081159          -2.073448896           0.625880900     H 
$end
