$coord
           1.696008759           1.213257433           1.686636179     C 
           0.291852514           1.934359025           3.402850432     O 
           0.864024362           1.215096273          -1.010147822     C 
          -2.631887539          -3.320015816          -0.797714132     H 
           0.530963822          -1.489373623          -2.070005308     C 
           2.179225464           2.591891774          -1.958007613     H 
          -0.944243915           2.301676831          -0.788201529     H 
          -0.974804265          -2.806661159          -0.049125548     O 
           2.289359694          -2.415450874          -2.485369422     H 
          -0.689620969          -1.395517927          -3.798888435     H 
           4.162290216           0.845599004           2.148792326     O 
           4.254459781           1.494654266           3.934774468     H 
$end
