$coord
           0.841483680           1.769393463          -0.630674040     C 
           1.809824568           2.055556581          -2.764912870     O 
          -0.801059241          -0.621211074           0.040112661     C 
           3.288712489          -4.472654210           3.335754273     H 
           0.275019351          -2.190411128           2.252805546     C 
          -1.234885700          -1.443560229          -1.783680360     H 
          -2.483625261           0.340473755           0.910477959     H 
           2.851989821          -3.201351468           2.004384426     O 
          -1.156959411          -3.846284129           2.586302037     H 
           0.297757280          -0.981333109           3.995440716     H 
           1.246358905           3.341400266           1.412683192     O 
           0.911185024           2.816347708           3.126611690     H 
$end
