$coord
           1.416827321           1.967555976           1.023628500     C 
           2.763849450           2.518075502           2.834566538     O 
          -0.662721559           0.130552425           1.249932746     C 
           1.865362732          -5.332758229           0.270507644     H 
           0.261567808          -1.921942296          -0.502543027     C 
          -2.465572030           0.716411411           0.246899972     H 
          -1.035375773          -0.714010157           3.064089889     H 
           0.895700249          -3.947661670           1.098208456     O 
           1.807757398          -1.181586627          -1.800715015     H 
          -1.417226756          -2.479260793          -1.940219166     H 
           1.799806501           2.572005081          -1.501954315     O 
           0.281668472           2.380106739          -2.506633621     H 
$end
