$coord
           2.915832328          -0.615691640           2.106806027     C 
           1.159817598           0.539682578           3.427324968     O 
           1.886313931          -0.551165936          -0.973078875     C 
          -4.247325124          -1.721240921          -1.832366372     H 
          -0.892873477           1.128149443          -1.212992161     C 
           2.101334088          -2.497583978          -1.957244349     H 
           2.965524277           0.830893606          -2.138514265     H 
          -3.262711355           0.406445825          -1.907778263     O 
          -0.485931564           2.950633883          -1.913454578     H 
          -1.327894997           1.753720189           0.751398458     H 
           5.435547263          -0.267749496           2.900824560     O 
           4.576438463          -0.753287852           4.247932703     H 
$end
