$coord
           2.533804930           1.319781289           1.459109560     C 
           4.605425874           2.109700717           1.998222487     O 
           1.946900884           0.207305429          -1.134542289     C 
          -2.742211514          -4.189542235           0.237517855     H 
          -0.533053788          -1.471433227          -1.791798352     C 
           3.377499998          -1.151625873          -1.327991776     H 
           2.309898599           1.742496022          -2.455186150     H 
          -1.954851778          -2.517939378           0.473830228     O 
           0.171134481          -3.214437458          -2.926774469     H 
          -1.735913357          -0.027112664          -2.665519484     H 
           0.416908277           1.637630534           2.900216083     O 
          -0.747929897           0.274013411           2.484037617     H 
$end
