$coord
           2.185973404           3.511454514           1.808470843     C 
           4.244180337           2.906383851           1.303046770     O 
          -0.208774022           1.826265747           2.318744561     C 
           1.475795936           5.402759960           2.469199526     H 
           0.388162156          -0.961115670           1.499149255     C 
          -1.704803421           2.958907494           1.423992623     H 
          -0.272776011           1.470658538           4.380960765     H 
           1.476358300          -1.729668930          -0.832470794     O 
          -1.235323056          -2.148461823           1.927795518     H 
           1.676014044          -1.760641185           2.992947882     H 
          -0.407331365          -3.435778801          -1.831801039     O 
           0.021653033          -5.221203970          -1.448523535     H 
$end
