$coord
           1.826575817           0.715029019           2.689770161     C 
           2.276884223           0.228901988           4.803044341     O 
          -0.297540238          -0.353070281           0.977513997     C 
          -0.466454824           0.622657996          -4.463519053     H 
           0.420372704          -1.590489048          -1.684112351     C 
          -1.667276888           1.263250679           0.710158490     H 
          -1.332771124          -2.061684878           2.040126232     H 
          -1.268595440          -0.796371837          -3.626614420     O 
           0.491474286          -3.804689067          -1.803147781     H 
           2.332819829          -0.896411560          -2.156160430     H 
           3.445659279           2.317959964           1.452908397     O 
           4.589630069           3.234736007           2.836329162     H 
$end
