$coord
           1.331739611           2.310922793           2.186041223     C 
           1.967492539           2.547930089           4.379383852     O 
           3.291881483           0.848034025           0.291609606     C 
          -0.447951117           3.116679182           1.734597929     H 
           1.854740201          -0.342203344          -1.911604385     C 
           4.229482061          -0.723199373           1.505692219     H 
           4.974549670           1.771831797          -0.348978094     H 
           0.425536817          -2.299500397          -0.888108211     O 
           3.150166786          -1.369779432          -3.379917845     H 
           0.542393986           0.857053824          -3.221839564     H 
          -1.360094047          -1.244633247           0.908433944     O 
          -0.416035612          -0.433088485           2.326488313     H 
$end
