$coord
           1.919985455           1.418396870           4.456574381     C 
           0.968209678           3.305200750           5.327373415     O 
           2.768815022           1.127511112           1.728383791     C 
           2.430736841          -0.362644994           5.519625876     H 
           1.743178079          -1.027815828          -0.126744753     C 
           4.558682267          -0.060596330           2.225184991     H 
           3.066282033           2.992315682           0.740291702     H 
           0.596631556          -0.051140869          -2.268726682     O 
           0.567397155          -2.437179716           1.007566755     H 
           3.477644105          -1.967419519          -0.717152826     H 
          -0.555867313          -2.369027728          -3.312394638     O 
          -1.145419701          -1.668694017          -4.922485717     H 
$end
