$coord
           2.190282426           0.943587308           2.083204398     C 
           4.293093648           0.713412528           1.275722784     O 
          -0.111603637          -0.088595653           0.804610990     C 
          -2.307406217          -3.203276816          -1.525784390     H 
           0.044492718          -0.382533956          -1.958682473     C 
          -1.761467502           0.985729691           1.588427594     H 
          -0.337213982          -2.035512395           1.485047760     H 
          -0.764944631          -2.917062136          -2.488354294     O 
           2.034559202          -0.169753682          -2.401955367     H 
          -1.119647393           1.058081712          -2.909533907     H 
           1.240718899           2.352995059           4.004798487     O 
           2.607744386           3.407647761           4.654264323     H 
$end
