$coord
           1.226548023           1.775169198           1.291068366     C 
           3.167524865           2.978053653           0.816836873     O 
           1.137791504          -0.625708368           2.867150361     C 
          -1.501088874          -1.636555055          -1.514705314     H 
           1.440190167          -2.536278654           0.727373310     C 
          -0.659516398          -1.109212871           3.936439339     H 
           2.630000731          -1.035808679           4.424903940     H 
           0.255863799          -2.174100106          -1.763097554     O 
           0.918403230          -4.400255733           1.400994198     H 
           3.530364443          -2.701801219           0.535387781     H 
          -0.810397056           2.073339598          -0.181889894     O 
          -0.552479875           1.566645051          -2.012913012     H 
$end
