$coord
           1.098074123           1.957744279          -0.534104262     C 
           2.403293996           2.935472241          -2.203908152     O 
           0.449085169          -0.804966542           0.098206561     C 
          -0.179518922          -4.707304352           0.794029463     H 
           1.803295487          -1.844459473           2.515845663     C 
           1.078763606          -1.927424127          -1.415648770     H 
          -1.669561466          -0.762337864           0.467661423     H 
           1.278011403          -4.461362088           2.010972261     O 
           0.926027659          -1.110995272           4.317827796     H 
           3.778454803          -1.428125793           2.737322510     H 
          -0.432121322           3.446204227           0.892857554     O 
          -1.420263884           2.701786678           2.279876339     H 
$end
