$coord
           2.131278606           1.227732432           1.251863163     C 
           2.878497940           1.589781028          -0.966449439     O 
           0.296573298          -0.752317222           1.701138781     C 
          -1.768021317           0.475421218          -1.587026665     H 
           0.109901131          -2.444133347          -0.685549725     C 
          -1.501758725           0.236155430           2.117965676     H 
           0.782534964          -1.453580130           3.613181189     H 
          -2.095791894          -1.331810233          -1.640139733     O 
          -0.123578125          -4.518512005          -0.386768214     H 
           1.654447521          -2.010892413          -1.935841342     H 
           3.158171576           2.365701387           3.460308668     O 
           3.005369144           1.692938728           5.154281450     H 
$end
