$coord
           2.785424406           0.641530839           1.344061409     C 
           3.968882570           2.551235766           1.556181389     O 
           1.331804573          -0.465301218          -0.997284216     C 
          -4.375237125          -1.702982012          -0.244479896     H 
          -1.450865374           0.330774631          -1.705586786     C 
           1.214680159          -2.453151908          -0.332228593     H 
           2.343917892          -0.577377657          -2.697858930     H 
          -3.003025077          -0.652945958           0.381495738     O 
          -1.585097584          -0.950192395          -3.425779518     H 
          -1.890383127           2.360682532          -2.220419449     H 
           3.125903643          -1.280794231           3.127600011     O 
           4.584999893          -1.065815722           4.175436354     H 
$end
