$coord
           2.879056785           0.660535505           1.472594732     C 
           4.809380513           0.746468499          -0.018951945     O 
           0.200653393           1.567212627           0.811916749     C 
          -3.835627911          -3.034372994          -0.523557172     H 
          -0.675007098          -0.785834973          -0.934685578     C 
           0.106541990           3.015056127          -0.570508902     H 
          -0.990319585           1.470029888           2.389534697     H 
          -3.227228713          -1.404244576          -1.488362305     O 
           0.574760158          -2.430597109          -0.478444504     H 
          -0.393571945          -0.321361333          -2.916837591     H 
           3.435610086           0.503231973           4.015094934     O 
           2.066253749          -0.746514246           4.896550772     H 
$end
