$coord
           2.297452303           1.407905874           1.929318949     C 
           3.514485675           3.176598678           1.097619869     O 
           0.029494864           0.177005402           0.784308943     C 
          -0.153202133          -4.041548411          -3.748533405     H 
          -0.919154925          -0.789147713          -1.863222940     C 
          -1.230183100           1.805051747           0.897119491     H 
          -0.796954005          -1.369498119           1.809445099     H 
          -0.786264840          -3.548216800          -2.159452984     O 
          -0.255755596           0.171824863          -3.541228146     H 
          -2.992031322          -0.503142792          -1.743687454     H 
           2.652284518           0.646525022           4.244891953     O 
           4.255146992           1.301674641           4.873480006     H 
$end
