$coord
           3.307367330           3.430919906           1.770214647     C 
           2.997141518           4.452787590           3.795633335     O 
           1.321810988           1.620173074           0.583666009     C 
           5.094189669           3.356312452           0.570382863     H 
           2.009632305          -1.232106067           0.319287991     C 
           1.019875791           2.771471757          -1.061941631     H 
          -0.361332524           1.790929979           1.858807444     H 
          -0.321554773          -2.714428186           0.442738778     O 
           3.182299568          -1.727596961           2.065904707     H 
           2.932528179          -1.932730220          -1.406584848     H 
          -1.540488109          -3.370362957          -1.828138981     O 
          -3.333413830          -3.674338290          -1.413402599     H 
$end
