$coord
           2.985466500           2.467593845           2.725223160     C 
           2.790245928           4.627309467           1.924290427     O 
           1.102692493           0.335288530           1.984819029     C 
           4.626586631           1.954787236           3.723977572     H 
           2.078415228          -0.996963480          -0.601034679     C 
          -0.831104176           1.003497032           1.420623963     H 
           1.103695321          -1.338673650           3.281368854     H 
          -0.091743245          -1.969370408          -1.865590050     O 
           3.409624545          -2.531090176          -0.069490403     H 
           3.093846223           0.334130810          -1.748774257     H 
          -1.584115222          -2.981521761           0.037617074     O 
          -2.928752515          -1.665917555           0.564605544     H 
$end
