$coord
           1.875831695           0.708073562           3.147388328     C 
           3.310960192           2.183222202           4.023064886     O 
          -0.613050926           1.338098562           1.662491975     C 
           2.682696183          -1.439385488           2.903810830     H 
           0.558008065           1.525604892          -1.134812107     C 
          -1.467180540           2.968098397           2.531584343     H 
          -2.292248651          -0.002638987           1.543581924     H 
           2.130709521          -0.660172183          -1.418291095     O 
           1.736022596           3.127398225          -1.081550318     H 
          -0.815418806           1.738264441          -2.556801425     H 
           0.717365028          -2.977562501          -0.943255084     O 
           0.101228994          -2.847855310           0.791578262     H 
$end
