$coord
           0.930345843           2.214375132           0.955165225     C 
           2.924059846           3.205809389           1.411928499     O 
           0.114673609          -0.491918920           1.687033084     C 
           2.307897326          -6.024088581           1.247799253     H 
           1.840706563          -2.180575574          -0.095321705     C 
          -1.895435025          -0.835842460           1.527767258     H 
           0.640469813          -0.998327455           3.752268209     H 
           1.596056599          -4.847612084          -0.341874935     O 
           3.601497639          -1.412177596           0.768647834     H 
           1.639050567          -1.218796381          -1.945404722     H 
          -1.332045875           3.301773551          -0.153690344     O 
          -0.835177523           4.950508135          -0.923229048     H 
$end
