$coord
           2.434631578           3.273951738           2.705191144     C 
           4.675954795           3.100137860           2.074009132     O 
           0.148526791           2.189444230           1.268333421     C 
           2.027633638           4.025322902           4.685616327     H 
           1.032590865          -0.567841983           0.683659026     C 
          -0.170944413           3.013768206          -0.740069484     H 
          -1.472075183           2.458258850           2.511406502     H 
          -0.983571530          -2.082128905          -0.282556825     O 
           1.797215850          -1.562945388           2.418939922     H 
           2.456208330          -0.252465041          -0.832694013     H 
          -0.070877407          -4.341560677          -1.757644389     O 
          -0.732068546          -4.339833503          -3.518810839     H 
$end
