$coord
           1.542519111           1.600825937           1.314937014     C 
           0.725910437           3.673548864           1.161517691     O 
          -0.213999243          -0.748519524           2.133501134     C 
           1.102686536          -4.487924743          -1.136094080     H 
          -1.106765331          -1.674479245          -0.280335726     C 
          -1.815114757          -0.153331920           3.519979214     H 
           0.961398774          -2.284212426           3.084621428     H 
           1.110275997          -2.622034481          -1.425010481     O 
          -1.661673841           0.071145549          -1.582822766     H 
          -2.764573929          -2.766873489          -0.395177946     H 
           4.071072742           1.271360607           0.851586789     O 
           4.398709828          -0.437861911           0.194469762     H 
$end
