$coord
           2.513455999           1.136110403           1.672979143     C 
           4.024307774           2.814614833           1.127902588     O 
           0.147438641           0.971802751          -0.008962322     C 
          -1.505058502          -1.450576481          -4.014412877     H 
          -1.500298712          -1.445980156          -0.311914520     C 
           0.954664042           1.422000744          -1.909664069     H 
          -0.742132028           2.736541210           0.656231675     H 
          -1.145193836          -2.703513934          -2.693738975     O 
          -3.413274594          -0.760081152          -0.269516761     H 
          -1.007368574          -2.798414131           1.147101480     H 
           2.623995944          -0.100650062           3.937185602     O 
           4.031681403           0.406036989           5.110204351     H 
$end
