$coord
           0.761448389           2.017932335           2.702613115     C 
           2.947798302           2.582524782           2.342590449     O 
          -0.661011993          -0.473836088           2.293080033     C 
          -0.345785945           3.115118926           4.100821616     H 
           1.467248662          -2.156545088           0.978130147     C 
          -2.222565912          -0.203048345           1.085511470     H 
          -1.480955781          -1.152042517           4.068639462     H 
           2.452922578          -1.026601323          -1.212493214     O 
           0.679449039          -4.126741343           0.689857924     H 
           3.045189825          -2.478197938           2.238424946     H 
           0.903741870           0.906993036          -2.170338807     O 
           0.514251163           1.950885972          -0.644835603     H 
$end
