$coord
           1.471100796           1.437878415           1.996213908     C 
          -0.320372404           2.751772912           1.552062671     O 
           1.525605655          -1.387281605           1.122554417     C 
           0.576166479          -3.676344447          -3.946858601     H 
          -0.672594391          -1.774730741          -0.871105268     C 
           1.574960966          -2.550433738           2.824200863     H 
           3.325294353          -1.711628528           0.135605833     H 
           0.464357822          -1.904992187          -3.337926644     O 
          -1.882611153          -0.058589841          -0.922328824     H 
          -1.959929569          -3.529013162          -0.551201357     H 
           3.472128519           2.247584335           3.350589329     O 
           4.341626294           0.729803413           3.934016824     H 
$end
