$coord
           1.955327902           1.189423219           1.176612191     C 
           1.721200271           2.262065698          -0.884667204     O 
           0.859458467          -1.361587359           1.883128008     C 
           0.764455149          -0.152625288          -2.364211202     H 
          -1.421190813          -1.810757103           0.243952541     C 
           0.315158400          -1.441814338           4.009371853     H 
           2.354722225          -2.854208431           1.591310320     H 
          -0.220101054          -1.770373044          -2.206406886     O 
          -2.848245680          -0.287363519           0.749926743     H 
          -2.344514791          -3.615709565           0.369756368     H 
           3.357915671           2.296248804           2.918711542     O 
           3.359016239           1.554734337           4.640230011     H 
$end
