$coord
           2.122982092           1.777048934           1.766844460     C 
           2.888151844           3.938978206           1.926789999     O 
           1.247617748           0.507983308          -0.757036977     C 
          -2.911894974          -3.987645819          -2.060505420     H 
          -0.008243414          -2.247987403          -0.649508961     C 
           2.867857453           0.570503852          -2.014036402     H 
          -0.211149135           1.806091542          -1.428462230     H 
          -2.132105375          -2.328757295          -2.226937818     O 
          -0.609797597          -2.816777838           1.329869534     H 
           1.295675715          -3.856451538          -0.994007615     H 
           2.420633769          -0.147221707           3.564432655     O 
           3.527399681           0.139213146           5.045673395     H 
$end
