 -1.0
 -0.58233891064238D+00  0.36003923477507D+01  0.27318167078875D+01 -0.29806883929376D-04 -0.24030246457159D-03 -0.67406291287719D-04
 -0.49207505360777D+00  0.13871049834024D+01  0.22306585366017D+01 -0.16536338339695D-03 -0.27029760408252D-03  0.16711519241977D-03
 -0.64329129186715D+00 -0.31848238824370D+01 -0.17486840850513D+01  0.27498978653715D-03  0.56962807379889D-04  0.18117017056836D-03
 -0.23628055468287D+01  0.48095676577590D+01  0.26039415479494D+01  0.59560730936634D-03  0.17892006120146D-03  0.55474633174461D-03
  0.17285036353936D+01 -0.36321136582888D+01 -0.30085756021676D+01 -0.29535315461100D-04 -0.27230152067119D-03  0.34265725598497D-03
 -0.16709210145965D+01 -0.45794827673679D+01 -0.73793303972688D+00  0.18242406387572D-03  0.13689940001655D-03  0.66689619670424D-03
 -0.19788407577091D+01 -0.17353626311684D+01 -0.25821996673209D+01 -0.27695057291715D-03  0.51631903286625D-03 -0.22681106368793D-02
  0.16065104395016D+01 -0.21539004753157D+01 -0.75703874679407D+00 -0.25848449040568D-03  0.17586461057566D-03 -0.50501089962597D-03
  0.20737444755949D+01 -0.26106452714726D+01 -0.48743515373930D+01  0.27138702007089D-03  0.29726744568910D-03  0.32732730465695D-03
  0.28511094524844D+01 -0.53205996812178D+01 -0.25864895074945D+01  0.72380865184483D-04  0.40561087486190D-03  0.52732226889177D-03
  0.13093484287629D+01  0.51516372800531D+01  0.36898277172956D+01  0.16326978532778D-03  0.12971990598491D-03 -0.27090502423734D-04
  0.29191642029934D+01  0.44197727707180D+01  0.40441867983349D+01 -0.55373735817471D-04  0.91905156526969D-03  0.37056158822069D-03
