$coord
           3.965324791           2.318955675          -0.900872236     C 
           5.120488709           2.239056658           1.011175305     O 
           1.210199748           1.184318425          -1.459168730     C 
           4.776643352           3.388710004          -2.675736191     H 
          -0.862098629          -0.375266290          -0.085415833     C 
           1.348179307           0.539209865          -3.467632426     H 
           0.647562297           3.178988250          -1.980540565     H 
          -0.405550361          -1.101457010           2.442245896     O 
          -1.755255922          -2.002962516          -1.121668660     H 
          -2.629794129           0.807273624          -0.098198668     H 
          -1.886042294          -3.277029161           3.413202206     O 
          -3.592755111          -2.696931875           4.015259550     H 
$end
