$coord
           4.115249984           2.391420288           0.545693779     C 
           3.536596987           4.380863954           1.431890056     O 
           2.743480655          -0.228230209           0.259271565     C 
           6.027691757           1.878433904          -0.139470616     H 
           0.621292423          -1.111714043           1.897825701     C 
           4.270202568          -1.447718834           0.676982249     H 
           2.024281834          -0.442281597          -1.734449330     H 
          -1.888960525          -0.572738701           0.784837956     O 
           0.977427190          -0.205012801           3.688782209     H 
           0.878306183          -3.110937862           1.920710011     H 
          -2.545678881          -2.944121877          -0.120596559     O 
          -1.270941394          -3.680028023          -1.269457557     H 
$end
