$coord
           0.439182177           3.768226929           2.968386825     C 
           1.158848331           4.449069915           0.937789885     O 
           1.382563552          -4.420052517          -0.878139060     C 
           1.553550902           4.101719001           4.665270057     H 
           2.131073920          -2.132929736          -2.247163585     C 
           2.801539794          -5.681202777           0.085693526     H 
          -0.403844466          -5.357090473          -1.499471495     H 
           1.045850820          -2.025163161           0.182491964     O 
           0.991681233          -1.360624390          -3.722969689     H 
           4.088143629          -1.550716390          -2.447657554     H 
          -1.321725975           2.027753929           3.370088287     O 
          -1.776194590           1.015210685           1.979874388     H 
$end
