$coord
           0.526216025           4.966943503           2.953375001     C 
          -1.058604020           4.788377288           4.520713144     O 
           0.791028251          -3.495447872          -3.496349489     C 
           0.351611975           5.578793264           0.879462063     H 
           0.137923166          -3.694211419          -0.803626874     C 
           2.567421298          -2.604916307          -4.023786095     H 
          -0.662155075          -3.529942525          -4.971442837     H 
           0.997051057          -5.763316163          -2.112090971     O 
          -1.769698763          -3.627492370          -0.113236275     H 
           1.417708804          -2.920757696           0.573447139     H 
           2.944529947           4.200109728           3.109371750     O 
           3.253820271           3.341268790           4.540309246     H 
$end
