$coord
           2.650785434           2.273665836           1.080872776     C 
           1.332983274           3.941618592           1.700093237     O 
           3.094234220          -0.371154411           2.461491609     C 
           3.794702712           2.428487761          -0.638029811     H 
           1.885465052          -2.470556289           0.757240418     C 
           1.839907746          -0.171882111           4.058725181     H 
           5.044206987          -1.090556328           2.987984547     H 
          -0.855241514          -1.802944079           0.432859380     O 
           1.994195997          -4.167148416           1.825757168     H 
           3.053449337          -2.660242626          -0.979756892     H 
          -0.946028375          -0.003468502          -1.495271571     O 
          -1.877903127           1.321738221          -0.601240392     H 
$end
