$coord
          -1.322931503           4.855303183           3.339871953     C 
          -1.259332748           6.382793967           1.649637954     O 
           2.101478489          -3.236514706          -1.632244771     C 
          -3.128716643           3.842034225           3.838091732     H 
           0.433470958          -4.863654633          -3.048875113     C 
           1.565030078          -2.432781046           0.127173845     H 
           3.498789177          -1.869520178          -2.455191970     H 
           2.497238562          -5.869179508          -1.728509564     O 
           0.519091132          -4.299296242          -5.014900247     H 
          -1.444368632          -5.634291736          -2.600835685     H 
           0.639594898           3.753910951           4.605103651     O 
           2.472798077           4.318426428           4.467951953     H 
$end
