$coord
           1.424818764           2.249070355           3.167756104     C 
           1.614188836           4.464426363           3.498954054     O 
          -0.637930119          -3.132999286          -1.450395363     C 
           3.069511608           0.885648181           3.321757030     H 
           0.195348331          -0.674133623          -2.510685708     C 
          -1.648927335          -4.672555462          -2.499808898     H 
          -1.024295875          -2.852794859           0.584845239     H 
           1.993314880          -2.640543262          -1.982845690     O 
           0.247555297           1.040351463          -1.270345396     H 
           0.158729511          -0.184474376          -4.484937136     H 
          -0.808447930           0.995712531           2.827131698     O 
          -2.139090028           1.902359127           3.610524733     H 
$end
