$coord
           0.037739554           2.743786236           4.557166007     C 
          -2.130400243           2.909650664           5.092290805     O 
           1.600513032          -3.697894110          -3.982955546     C 
           1.017507414           0.984956171           5.211857607     H 
           0.469574950          -2.365208117          -1.952567460     C 
           1.323779970          -2.854914877          -5.824151790     H 
           1.351752949          -5.685764614          -3.313057915     H 
           3.125554686          -2.454189767          -2.319227783     O 
          -0.189596801          -3.508513633          -0.420739371     H 
          -0.095323626          -0.424867153          -2.202044309     H 
           1.394902005           3.978670273           3.054735586     O 
           0.186534297           5.271056913           2.144603910     H 
$end
