$coord
          -1.381474759           1.300679075           2.408786542     C 
          -0.163654576           0.446649195           4.085433375     O 
           3.819645796          -0.988693036          -3.122618324     C 
          -0.911381760           1.220752607           0.452725613     H 
           3.297414572          -1.505772331          -0.353327453     C 
           4.173537833          -2.541450794          -4.469903377     H 
           4.588535987           0.859117911          -3.610823521     H 
           1.452110226          -0.671530169          -2.010783909     O 
           3.832859212          -0.235968732           1.156014321     H 
           3.104796874          -3.529951952           0.201653726     H 
          -3.562956781           2.559923654           2.857412954     O 
          -3.656059508           2.917885713           4.689899416     H 
$end
