$coord
           3.071477856           2.457376974           2.106968177     C 
           3.697725132           3.617985616           0.306618313     O 
           2.350755969          -0.313658993           2.323539601     C 
           2.685661902           3.340520383           4.017512343     H 
           1.505631592          -1.423377867          -0.272868716     C 
           1.004358048          -0.359684911           3.910575429     H 
           3.824391206          -1.648101500           2.931111866     H 
          -0.860320607          -0.809373203          -1.162414723     O 
           1.365307070          -3.455980781           0.100542781     H 
           2.941185775          -0.910131214          -1.745075846     H 
          -2.406418735          -1.567730992           0.955606682     O 
          -1.238808331          -2.088796688           2.357877923     H 
$end
