$coord
           3.594943085           3.134780014           1.644202059     C 
           5.748534398           2.655610053           0.971556835     O 
           1.445638741           2.104491927          -0.008727694     C 
           3.184583028           3.594116790           3.697497748     H 
           0.217093955          -0.149413858           1.261799282     C 
           1.999178837           1.640285187          -1.841468371     H 
           0.384704482           3.585444489          -0.709745284     H 
          -1.233236002          -1.920915188          -0.426637915     O 
          -1.147961670           0.267483036           2.759808738     H 
           1.716239475          -1.181801791           2.294663505     H 
          -2.128212801          -4.034359475           1.050635958     O 
          -3.494770600          -4.608007655          -0.012156891     H 
$end
