$coord
          -1.010152697           4.420351216           3.195679058     C 
          -2.013827650           4.866320574           1.171051362     O 
           0.315040635          -5.062719117          -0.744988574     C 
          -2.094608651           3.884735071           4.786465004     H 
           2.458651694          -3.189697036          -0.958014332     C 
          -1.689488584          -4.758346869          -1.068097880     H 
           0.691481671          -6.611849867           0.596821316     H 
           1.770676578          -4.874815472          -2.926255579     O 
           4.097435816          -3.816297711           0.149905337     H 
           2.129204346          -1.296694710          -1.514226332     H 
           1.531559291           4.744707720           3.511707147     O 
           2.218299005           5.597344335           1.956519670     H 
$end
