$coord
          -0.577365253           3.196574731           1.113069460     C 
          -0.493940822           1.067142169           1.999914489     O 
           0.609734969          -3.215049727          -0.204989426     C 
           0.209472836           3.745729438          -0.726917386     H 
           3.406191414          -2.992059308          -0.028795137     C 
          -0.791682213          -2.123168997           0.913877907     H 
           0.025952576          -5.075251602          -0.760234018     H 
           2.211353544          -1.979875342          -2.156213188     O 
           4.375882944          -4.879538159          -0.065723692     H 
           4.289339076          -1.586770795           1.135366440     H 
          -1.839902694           5.242584129           2.147692555     O 
          -2.801909619           4.539836314           3.562266009     H 
$end
