$coord
           2.780296737           1.955758617           0.749894905     C 
           3.113708664           3.073785254          -1.121040323     O 
           2.858256982          -0.949810605           1.226478818     C 
           2.293857067           2.822930255           2.480645627     H 
           0.700869754          -1.628023135           2.891859689     C 
           4.921204926          -1.782391903           1.817142598     H 
           2.513811973          -1.801382645          -0.592010762     H 
          -1.337005356          -1.868935929           1.173613708     O 
           0.186847719          -0.103657783           4.460041244     H 
           0.955182160          -3.385901495           3.757592076     H 
          -1.563633059           0.460145746          -0.449074408     O 
          -0.065813183           0.863274629          -1.843200017     H 
$end
