$coord
           2.709545264           2.153839473           2.146510458     C 
           3.008318933           4.283931968           1.239269100     O 
           3.579541910          -0.199987247           0.604535850     C 
           2.144239384           1.592103693           4.199774358     H 
           1.252506533          -2.168404184           0.834236766     C 
           5.297477416          -0.952572824           1.525476737     H 
           3.781575512           0.283838421          -1.416452801     H 
          -0.651810881          -1.507540668          -1.002603351     O 
           0.701753573          -1.998288389           2.953655888     H 
           1.847742148          -4.088339030           0.521742284     H 
          -2.523482406          -0.630954505           0.498481197     O 
          -2.957885750          -2.093749194           1.582841485     H 
$end
