$coord
          -1.656903553           3.308096573           1.370298963     C 
          -2.059462741           1.523253414           2.655854610     O 
           3.069982162          -1.688581137          -0.181385523     C 
          -2.605720317           4.003631969          -0.473764322     H 
           2.322613953          -4.260910415           0.448115515     C 
           4.601547599          -0.553414291           0.625670529     H 
           1.505719940          -0.563388730          -0.922014074     H 
           3.522475287          -3.667586979          -1.858110619     O 
           0.283389915          -4.738856461           0.102222973     H 
           3.570706044          -5.397557117           1.644515292     H 
          -0.038319992           5.277394314           1.753374344     O 
           0.663170342           4.855255600           3.398199359     H 
$end
