$coord
          -0.426423992           0.784498878           4.745775256     C 
           0.343420943           2.588211328           5.846094949     O 
           2.104402000          -1.653318064          -3.342313384     C 
          -2.432159789           0.210318455           4.927047290     H 
           0.310268614          -0.059339861          -1.920990078     C 
           1.766362656          -3.526681674          -3.950339907     H 
           4.152294081          -1.361768229          -3.120860836     H 
           0.715943683           0.347617699          -4.550720896     O 
           1.017396141           1.421576184          -0.630717450     H 
          -1.500654396          -0.752542639          -1.254846408     H 
           1.088981250          -0.662413654           3.269238767     O 
           2.617910834           0.490860155           3.350641133     H 
$end
