$coord
          -0.419988530           1.805608276           3.076636294     C 
           0.510371004           3.482395617           4.441659094     O 
           2.768381909          -1.769690496          -3.772493462     C 
           0.588570891           0.975394093           1.576403988     H 
           2.244438780          -3.039429035          -1.386742077     C 
           1.341549181          -1.967814484          -5.224406903     H 
           4.696170297          -1.583700906          -4.393926402     H 
           2.199286900          -0.366894592          -1.714533833     O 
           3.678661798          -3.849619294          -0.210187750     H 
           0.397150925          -3.888573193          -0.958551232     H 
          -2.869692645           1.301271970           3.307575290     O 
          -3.558481234           1.639543542           4.944959647     H 
$end
