$coord
           2.927529781           2.361727149           2.078341515     C 
           1.403279608           2.603365461           3.838775947     O 
           3.121117465          -0.152745267           0.837098984     C 
           4.512877991           3.877885982           1.722222914     H 
           1.472634481           0.227897531          -1.581787075     C 
           2.233090443          -1.617986590           1.934377139     H 
           4.977653661          -0.638343598           0.103902363     H 
          -0.330021044          -1.799218488          -1.327962593     O 
           2.389023191           0.033660661          -3.406616489     H 
           0.444951118           2.024313759          -1.659516757     H 
          -1.169694801          -1.708121593           1.291846566     O 
          -0.336819915          -0.163445883           2.260818642     H 
$end
