$coord
           2.063243475           2.616350745           2.416402401     C 
           2.125975303           4.825799800           2.705411254     O 
           2.315635081           1.043163828          -0.186076223     C 
           2.190110740           1.492436085           4.201104999     H 
           2.596466734          -1.815959494           0.049906794     C 
           4.171918861           1.520773998          -1.122958584     H 
           0.850502742           1.551326781          -1.550143506     H 
           0.284178585          -2.996438585           0.714473951     O 
           3.812478355          -2.265282738           1.711171549     H 
           3.423116097          -2.681953969          -1.606871745     H 
          -1.749837353          -1.663955722          -0.477182115     O 
          -2.669990239          -0.715949278           0.781488908     H 
$end
