$coord
          -1.609936287           4.521463346           2.495225799     C 
          -0.849031627           6.047947220           1.004802842     O 
           1.076991155          -2.794260474          -1.545717934     C 
          -3.659957292           3.736065627           2.578934240     H 
           2.144582035          -5.220454681          -0.493532543     C 
           2.087844247          -1.062061331          -1.166603809     H 
          -1.013904987          -2.741095490          -1.804698581     H 
           2.452065542          -4.673469993          -3.114408281     O 
           0.572711911          -6.616558251          -0.118263449     H 
           3.981770684          -5.252435587           0.605817816     H 
          -0.163173025           3.629510830           4.479570756     O 
           1.355349921           4.518834491           4.644763752     H 
$end
