$coord
          -1.520947865           4.630978787           2.895753944     C 
          -1.687623000           3.259052092           4.670563515     O 
           1.638846369          -3.718168461          -0.191332949     C 
          -2.862934660           5.850256648           1.921219887     H 
           2.585877194          -2.762717891          -2.611214984     C 
          -0.366887651          -4.623625938          -0.106699931     H 
           2.224299903          -2.819860254           1.520179685     H 
           3.403989730          -5.047584471          -1.572720384     O 
           4.028085626          -1.221927498          -2.798646091     H 
           1.557086281          -3.129810349          -4.310875489     H 
           0.480094037           4.522640313           1.351809288     O 
           1.761184651           3.625789944           2.281333905     H 
$end
