$coord
           3.423471654           2.134061154          -0.416429580     C 
           5.570426217           1.986480458          -1.181281926     O 
           1.975571603           0.068003990           1.206989756     C 
           1.775375181           3.602223833          -0.862545523     H 
          -0.514993449           0.013708166          -0.178519021     C 
           1.746560027           0.868427145           3.172265732     H 
           2.886456535          -1.860245119           1.418972848     H 
          -2.254941666          -1.630700131           0.866316879     O 
           0.119334180          -0.570056126          -2.179433821     H 
          -0.942650300           2.108877129          -0.555617890     H 
          -1.594293962          -1.561742749           3.531961130     O 
          -1.824341892          -3.152143006           4.488154499     H 
$end
