$coord
          -0.212391262           4.538613127           0.721645810     C 
           1.576006665           5.481605034           1.627111528     O 
           1.368525810          -3.265862749           0.637708982     C 
          -0.272121469           4.158426698          -1.418056551     H 
           2.254868550          -5.063818209          -1.366411600     C 
          -0.292532956          -3.516426095           2.152677420     H 
           1.668621939          -1.242443206           0.393518734     H 
           3.416127024          -4.767059781           0.925952780     O 
           3.356446892          -4.330653449          -2.923118391     H 
           0.627092636          -6.426925213          -1.628397535     H 
          -2.474281784           3.758464574           1.784924904     O 
          -2.286707621           3.975071552           3.545422194     H 
$end
