$coord
           3.247874976           2.621059637           1.702595619     C 
           2.587512003           3.234623595           3.794562829     O 
           3.681843064          -0.159124560           1.476737644     C 
           3.494394970           3.866719835           0.159151855     H 
           0.747812670          -0.928633774           1.195338850     C 
           4.259910105          -0.496619190           3.372068044     H 
           4.926425955          -1.086455126           0.092243673     H 
          -0.824958740          -0.176710497          -1.015566505     O 
          -0.127525323           0.022635117           2.868227798     H 
           0.646533124          -2.956824579           1.256324899     H 
          -1.776638061          -2.625127652          -1.891372731     O 
          -2.824604633          -2.428857006          -3.361205865     H 
$end
