$coord
          -0.148991990           3.839287673           2.659329099     C 
          -0.826917018           1.941059257           1.420179094     O 
           1.148296880          -4.277911901          -1.852406108     C 
          -1.338698121           4.467152502           4.191131709     H 
           0.916192465          -3.597504906           0.774918240     C 
          -0.219832823          -4.594501883          -3.242174205     H 
           2.921834024          -5.311357070          -2.414087905     H 
           1.638560823          -1.773810446          -1.107524266     O 
           2.338803569          -3.954096630           2.217170410     H 
          -0.919763876          -3.171698254           1.657004666     H 
           1.940764455           5.082108890           2.471900067     O 
           2.611132811           5.003010491           0.649262925     H 
$end
