$coord
           3.863125730           1.576522008           2.487645987     C 
           3.910626429           3.645688691           1.324877866     O 
           1.998651206          -0.625862355           1.913882451     C 
           4.834482445           0.926760987           4.294229491     H 
           1.171824068          -0.484191483          -0.756463160     C 
           0.159114537          -0.530333394           3.268841788     H 
           2.734327070          -2.599827145           2.260348462     H 
          -0.953173211          -1.986388980          -1.097903222     O 
           2.531127640          -0.694586837          -2.386713488     H 
           0.695610039           1.477508810          -0.814987930     H 
          -2.826493258          -0.891833346           0.614646483     O 
          -4.531935773          -1.750658262           0.273822770     H 
$end
