$coord
           4.657782389           2.021420586          -0.186441125     C 
           5.158665095           3.621049019          -1.773965763     O 
           1.799146689           1.363590119           0.172812922     C 
           6.089513982           1.184095672           1.163262703     H 
           0.602444217          -1.038824942           1.561811673     C 
           0.715956618           1.535611583          -1.673804291     H 
           1.260477574           3.109290318           1.079353671     H 
          -2.152886199          -1.585938204           1.009756014     O 
           0.332745329          -0.687608489           3.556975638     H 
           1.429220496          -2.886109986           1.227144324     H 
          -3.458891760          -3.012726959           2.831734042     O 
          -2.347034995          -4.201418613           3.727596979     H 
$end
