$coord
          -0.718131129           2.940994033           3.848834402     C 
          -0.352930024           1.099223698           5.269894049     O 
           0.983230800          -1.480004706          -2.126513217     C 
           0.297972540           4.714673269           4.151281800     H 
           2.921821899          -3.371209179          -2.512585412     C 
           0.302069771          -1.167831421          -0.245324761     H 
          -0.091878954          -0.675427575          -3.725700414     H 
           3.520968527          -0.833083424          -2.299145512     O 
           2.911037047          -3.945382817          -4.419569507     H 
           3.453145019          -4.856663223          -1.168371943     H 
          -2.528528748           3.135129474           2.200090601     O 
          -3.788101239           1.777125214           2.394459024     H 
$end
