$coord
          -0.958493135           1.782593238           4.576362186     C 
          -2.521675575           0.982024038           5.921256133     O 
           4.038353292          -1.871925035          -1.940044760     C 
           0.863889543           2.829596931           5.130947093     H 
           2.174492393          -1.660979729          -4.023351786     C 
           5.990622261          -1.486952127          -2.310009189     H 
           3.775632810          -3.081697100          -0.203430653     H 
           2.275815270           0.135377002          -2.003710156     O 
           0.436931360          -2.907997655          -4.117733016     H 
           2.656000921          -0.900824824          -5.773362633     H 
          -0.923081576           1.875754213           1.992947128     O 
          -2.133746605           0.919380503           0.848665159     H 
$end
