$coord
           2.122604853           2.003643892           2.002297787     C 
           1.814194291           2.909723974          -0.034877778     O 
           3.160018097          -0.675217108           2.087753527     C 
           1.715440563           3.061359459           3.732363831     H 
           2.058799568          -1.825159692          -0.537465474     C 
           2.465183070          -1.968843457           3.466505601     H 
           5.282271767          -0.846586257           2.047348944     H 
          -0.451464681          -0.854598413          -0.826526822     O 
           1.715757338          -3.864154572          -0.390948603     H 
           3.189149657          -1.198559633          -2.226545833     H 
          -1.496555296          -0.136374249           1.824066234     O 
          -2.616242406           1.067827465           1.114470226     H 
$end
