$coord
           0.536736672           2.942297420           3.618831373     C 
           0.477048022           3.846017358           1.495976954     O 
           2.026196060          -2.915704767          -3.380204494     C 
           2.101171389           3.070039889           5.057910065     H 
           0.668002912          -2.368424667          -0.945345807     C 
           2.614020322          -1.335955167          -4.432956836     H 
           2.012161043          -4.789093402          -3.663638443     H 
           3.452036098          -2.367540869          -1.079664945     O 
           0.226023100          -4.233925668           0.013433199     H 
           0.217013232          -0.475765947          -1.053662626     H 
          -1.359215194           1.668054121           4.587485877     O 
          -2.659908925           1.394166858           3.060713200     H 
$end
