$coord
          -1.965126551           1.279108735           2.384860911     C 
           0.189099902           0.864625666           2.654406606     O 
           3.199262364           0.370776198          -1.230231196     C 
          -2.914499752           1.040327957           0.437840790     H 
           3.717562024          -1.883200999          -2.886720644     C 
           2.335002356           2.042602563          -2.067146945     H 
           4.662729458           0.863828552           0.216784806     H 
           1.919686753          -1.900863650          -0.977589254     O 
           5.321232873          -3.156897176          -2.454537691     H 
           2.938777471          -2.015821276          -4.834242674     H 
          -3.619524325           2.363948075           4.081132860     O 
          -2.723409088           2.786440130           5.529159815     H 
$end
