$coord
          -1.440859862           2.546225657           4.046558033     C 
          -0.840109616           2.174643112           1.870245590     O 
           1.593569552          -1.674894444          -4.193303906     C 
          -3.117745829           3.206532101           4.769114345     H 
           1.510569649          -1.312349909          -1.456222964     C 
           3.181308992          -1.242399949          -5.435156496     H 
          -0.184507317          -1.719889957          -5.240476486     H 
           2.102889621          -3.621194815          -2.473132413     O 
          -0.280686099          -1.310384682          -0.374353642     H 
           3.113874507          -0.337258931          -0.633050323     H 
           0.276757272           2.917428395           5.858131950     O 
           1.836952842           2.368943947           5.012305294     H 
$end
