$coord
           1.287399347           1.695014301           1.413833282     C 
           3.495709954           0.960105701           1.530647866     O 
          -0.045877214           0.752160793          -1.137966249     C 
           1.614062955           4.007616018           0.727948032     H 
           0.733251493          -2.104629200          -1.288809823     C 
           0.513968214           2.113408356          -2.568935890     H 
          -2.154285991           0.781833670          -1.011709873     H 
           1.027218572          -3.190475678           0.869356651     O 
           2.443696770          -1.840157104          -2.201311888     H 
          -0.407910114          -3.197186826          -2.760051335     H 
          -0.297477094           1.868396750           3.343047114     O 
          -1.461499594           3.273236818           2.878381859     H 
$end
