$coord
          -3.274296604           2.320164993           2.748020512     C 
          -2.850800692           4.501215005           2.647337016     O 
           5.230721134          -0.975924989          -0.888282684     C 
          -4.884303627           1.721728676           3.765446969     H 
           3.806893814          -3.459971599          -1.077610189     C 
           6.115219781          -0.088448729          -2.447905324     H 
           6.205593287          -0.765437036           0.856032946     H 
           2.621987240          -1.120854195          -0.647364806     O 
           4.013091802          -4.608772289           0.608149369     H 
           3.796303039          -4.505214817          -2.842470779     H 
          -2.142021864           0.479714336           1.520188269     O 
          -0.888034480           1.013821205           0.197176202     H 
$end
