$coord
           2.794312035           1.533310449          -0.052168956     C 
           2.470641894           2.760614224           1.818369094     O 
           3.743284618          -0.990838537          -0.132267852     C 
           1.617269788           1.839670762          -1.878276518     H 
           1.160335263          -1.958281922           1.166347048     C 
           5.357652746          -1.456770975           1.051969734     H 
           4.266319774          -1.647467913          -1.985775076     H 
          -0.923902994          -0.954711412          -0.108979132     O 
           1.074047651          -0.909013306           2.950421104     H 
           0.642317063          -4.081158225           1.364526062     H 
          -2.637033561           0.433310623           1.567766819     O 
          -1.814202853           2.137906596           1.514148106     H 
$end
