$coord
           3.714915957           1.847984124           2.972819450     C 
           3.578601484           4.118391391           3.209869135     O 
           2.906789428           0.906977700           0.448962430     C 
           4.467544134           0.703200780           4.570538771     H 
           0.151132351           0.220410249           0.390608737     C 
           4.182201449          -0.510898391          -0.321041814     H 
           3.197346938           2.722324886          -0.689256072     H 
           0.116327310          -2.355086337          -0.411905003     O 
          -0.654684763           1.326347968          -1.263386276     H 
          -0.980493307           0.441527050           2.204568964     H 
          -2.584999664          -2.771657407          -1.234384394     O 
          -2.907276613          -4.454600894          -1.684300400     H 
$end
