$coord
          -0.758063409           3.331565806           3.253851050     C 
          -1.948968955           1.743049256           2.286655035     O 
           2.606468665          -1.844860296          -1.198725554     C 
           0.005435911           3.224871488           5.266198286     H 
           1.268201876          -4.229286250          -1.412126783     C 
           2.081116357          -0.612316543           0.403937188     H 
           3.264357361          -0.809321147          -2.942120707     H 
           3.977061002          -4.033380127          -0.613257730     O 
           1.288008911          -5.174425655          -3.256460249     H 
          -0.286902446          -4.520499858           0.018100455     H 
           0.014289480           5.480277117           2.138312580     O 
          -0.434904553           5.674936447           0.412823841     H 
$end
