$coord
           3.063039072           1.471307927           0.776485756     C 
           1.551920527           3.030985628           0.008857596     O 
           3.021042057          -1.408149366           0.928607251     C 
           4.379553414           2.025287338           2.373765250     H 
           0.727756746          -1.285288326           2.712816227     C 
           4.686860456          -2.270844708           1.941582918     H 
           2.652325967          -2.541416861          -0.780650374     H 
          -1.186160333          -0.008865053           1.273933967     O 
           0.983492644          -0.292092267           4.453225640     H 
           0.023451965          -3.122866757           3.161029489     H 
          -0.754146995          -0.659362713          -1.249655994     O 
           0.053781059           0.836545895          -1.801291736     H 
$end
