 -1.0
 -0.12925124902835D+01  0.26525389263253D+01  0.40493386146246D+00 -0.43176568992004D-03  0.47346452768029D-04 -0.81283524649752D-04
 -0.21140899905376D+01  0.48647397817408D+01  0.99318189027795D+00 -0.52521436173021D-04 -0.20947036619415D-03  0.35105450979693D-04
  0.40897456001347D+01 -0.34324517802673D+01 -0.41467061937801D+00  0.27046336945050D-04 -0.25423409941865D-03  0.43024296646065D-04
  0.65287952736677D+00  0.25553618080005D+01 -0.43252181730821D+00  0.19689336738310D-03  0.76346589535458D-03  0.51654687203691D-03
  0.19815086483469D+01 -0.15567690083927D+01 -0.94614086994912D+00 -0.32853485965079D-03 -0.84822283723639D-04 -0.14155727537166D-03
  0.54982597264043D+01 -0.31259863394228D+01 -0.18897299556459D+01 -0.11815894107565D-02 -0.77100952248720D-03 -0.14566683160433D-03
  0.38490314679177D+01 -0.54427347035646D+01  0.20991992633437D+00  0.12060692379028D-02  0.23118012571994D-03  0.25614413886517D-03
 -0.26835088446496D+01  0.86509919665155D+00  0.23771351897085D+00 -0.35827024808025D-03  0.12621065508511D-03 -0.27003342165399D-03
 -0.38375061671322D-01 -0.17481440518015D+01 -0.54914890551586D+00  0.76343032238604D-03  0.13003331256471D-02  0.13948392592546D-03
  0.23296629569640D+01 -0.30527858794539D+00 -0.25557745291899D+01  0.83118280261942D-03  0.19384218734675D-03  0.15517816682367D-03
  0.36704419211792D+01 -0.13915872019782D+01  0.12404851002022D+01  0.65455974501382D-03 -0.82196974078305D-04  0.14828735380976D-03
 -0.39466303739630D+01  0.48957828874249D+01  0.16867503369291D+01  0.63750049872313D-03  0.13576560197746D-02  0.85130068170494D-03
