$coord
           2.180404124           3.456260105           1.279232879     C 
           3.338793080           2.751552127          -0.879760277     O 
          -2.194532290          -3.567859667           0.206725564     C 
           2.689816356           1.816914850           2.614630436     H 
           0.335405500          -2.480450274           0.327942077     C 
          -3.674650285          -2.529795529          -0.789797030     H 
          -2.821033355          -4.973837386           1.534780493     H 
           1.217144314           5.389470400           1.816118924     O 
           1.473445144          -2.741361844           2.072762796     H 
           0.728362261          -0.845408004          -0.875248790     H 
          -0.244517001          -4.466475980          -1.327091257     O 
           3.048510724           3.515405325          -2.546079611     H 
$end
