$coord
           0.193851369           4.130984959           1.346994333     C 
           2.391052485           3.703209084           2.516165810     O 
           1.622339598          -4.780544634          -1.514328108     C 
           0.538250409           5.335554229          -0.489093850     H 
           0.674793259          -2.402989589          -0.349904925     C 
           0.193956755          -6.264185280          -1.602362428     H 
           3.585509523          -5.217753663          -1.689696898     H 
          -1.970249073           3.693233014           1.942419821     O 
           1.757998790          -1.024717995           0.693756570     H 
          -1.230899154          -2.390732165           0.252398192     H 
           1.136229784          -2.578156769          -2.940326492     O 
           1.979283689           2.376538592           3.664360079     H 
$end
