$coord
           1.874789357          -1.616217612          -2.780974659     C 
           2.136958059           0.705151309          -1.982352626     O 
           0.674528866           0.355167648           4.682087312     C 
           0.050614524          -2.381481969          -2.024191548     H 
          -1.756222635           1.422026962           4.239776630     C 
           1.322537234          -1.083745700           3.291128102     H 
           1.579697723           0.088565494           6.505358958     H 
           3.670976262          -2.743888645          -3.722810706     O 
          -2.868450072           2.301731125           5.605823735     H 
          -3.042447393           0.841764439           2.871652666     H 
           0.359971346           2.789838165           3.447501579     O 
           3.805485144           1.298466997          -2.264844091     H 
$end
