$coord
           2.056386004          -0.520621544           1.759007230     C 
           2.156052154           1.362148653           3.261649266     O 
          -1.267599713           0.708038912          -0.309223692     C 
           1.525355420          -2.448959720           2.390590567     H 
          -2.769216153           1.679381569           1.628326791     C 
          -1.727368971          -1.035167581          -1.185331389     H 
          -0.167472054           2.227457079          -1.209156349     H 
           3.555468425          -0.150608035          -0.100901339     O 
          -3.146118959           3.637319624           2.021402127     H 
          -3.731172062          -0.053623855           2.687612709     H 
           3.459652309          -1.873858973          -1.885447597     O 
           2.710721259           0.950323069           5.062867096     H 
$end
