$coord
           0.488076752           4.485932026           0.366694400     C 
           1.364612437           4.274505483           2.682864231     O 
           0.335701239          -2.335061766          -1.140235850     C 
          -1.244391842           5.733495275           0.422408582     H 
           0.033319940          -5.008784534          -0.624650731     C 
          -1.274871596          -1.086161704          -0.923801123     H 
           1.797781632          -1.709418629          -2.466477168     H 
           1.167792659           3.058172554          -1.256565497     O 
           1.276978285          -6.182298859          -1.687293034     H 
          -1.790601744          -5.942591051          -0.217739786     H 
           1.270746104          -3.414966939           1.152299503     O 
           3.064955230           3.719367788           2.576575355     H 
$end
