$coord
           2.413340534           3.722934325           0.766305830     C 
           1.735120819           5.921728895           0.628641144     O 
           0.459126800           1.937608291           2.059163546     C 
           4.211227426           3.085763349           0.034649749     H 
           0.819119874          -1.054534446           1.775637643     C 
          -1.551361071           2.457552588           1.568035809     H 
           0.523652816           2.207820689           4.028856939     H 
           1.078697165          -2.607932136          -0.611756168     O 
          -1.185228838          -1.732624071           2.455795925     H 
           2.167792018          -1.707943204           3.278921062     H 
           1.050648803          -5.326999457          -0.189016341     O 
           0.271659813          -5.682550103           1.494990004     H 
$end
