$coord
           0.573885447           4.490667536           2.071965677     C 
          -1.230680726           4.697432773           3.660026732     O 
           0.680123696          -3.775570269          -3.820561463     C 
           0.595711348           5.818420108           0.425888646     H 
           0.280331618          -2.411650203          -1.333475415     C 
           2.174935233          -3.194199344          -5.105335001     H 
          -0.988919462          -4.589581829          -4.650632014     H 
           2.462934089           3.192917780           2.226355842     O 
          -1.581056864          -2.706015813          -0.250240907     H 
           1.074858613          -0.594640829          -1.013521579     H 
           1.660804928          -4.681122108          -1.563665329     O 
          -1.096762558           3.359326291           4.872286454     H 
$end
