$coord
           3.441916221          -1.139597292           0.345503185     C 
           5.498303944          -2.562958761           0.040102279     O 
          -1.816170312           2.458686788           3.647994144     C 
           3.672085715           0.690306907           1.176410879     H 
          -1.147489975           4.401603642           2.242913871     C 
          -0.716701812           1.783101693           5.296388558     H 
          -3.475674957           1.344674719           3.621495071     H 
           1.489353273          -1.903466616          -0.699368474     O 
          -2.570835722           4.994807062           0.895391269     H 
           0.517264886           5.297855258           2.706807514     H 
          -0.414395519          -0.062328064          -0.985584752     O 
           5.080262562          -4.048920067          -1.175791033     H 
$end
