$coord
           4.982982995          -1.565945175          -0.354017297     C 
           3.898381428           0.776201268          -0.594828938     O 
          -3.192349162           2.724657291           2.164609689     C 
           6.234667553          -1.833578877           1.331674230     H 
          -2.424829712          -0.033279755           2.178234982     C 
          -4.127692389           3.250887786           4.040639902     H 
          -2.876796536           4.510535420           1.012046740     H 
           4.737003043          -3.163563348          -1.884365248     O 
          -2.359274531          -1.099275597           0.253370347     H 
          -3.221176319          -0.882436113           3.792605744     H 
          -0.809750899           2.011282464           2.838156388     O 
           3.457971166           0.925299403          -2.425560788     H 
$end
