$coord
           1.330038479           3.971212775           1.095422151     C 
          -0.907073618           4.467811701           1.347957488     O 
           2.597173461           1.252340561           0.678833461     C 
           2.765596853           5.734699242           0.831872892     H 
           1.526446514          -0.967209900           2.281713742     C 
           4.661158900           1.018264577           0.478091276     H 
           1.696402910           0.664335984          -1.063895521     H 
           2.025243350          -3.341842502           1.132594144     O 
          -0.529139288          -0.963757024           2.528969085     H 
           2.291417762          -1.264420356           4.254890525     H 
           0.388683570          -3.354273507          -1.241629676     O 
           1.355671801          -3.808242954          -2.808527649     H 
$end
