$coord
          -0.095025816           3.550911778           0.915694359     C 
           0.026374175           6.082370554           1.323375110     O 
           0.538851595          -2.626338661          -0.368705440     C 
           1.426423872           2.472766553           2.007155150     H 
           2.217403512          -4.547605907          -1.165733241     C 
          -1.063832072          -3.217091370           0.688125010     H 
           0.290438513          -0.768948044          -1.354082871     H 
          -1.659110996           2.341646681          -0.252885764     O 
           3.405610766          -4.427222268          -2.993523047     H 
           1.635990044          -6.469052973          -0.417684213     H 
           2.922402485          -2.895924056           0.855767996     O 
          -1.717565243           6.360609752           0.566192741     H 
$end
