$coord
           1.655951515           5.691297263           1.068814259     C 
           0.913987424           6.384958775          -1.333722816     O 
          -0.064151766          -5.177048934           1.572554884     C 
           0.425611558           6.249127387           2.539350039     H 
          -1.280642360          -4.466984146          -0.809201361     C 
          -1.188191405          -5.755346224           3.160967282     H 
           1.745204939          -4.554412282           2.138317895     H 
           3.837770051           5.176767560           1.407845508     O 
          -0.257840590          -3.121995140          -2.093881790     H 
          -3.262392279          -4.811421596          -0.950311946     H 
          -0.032953448          -6.740788380          -0.539147174     O 
           2.005556784           5.304111666          -2.350034237     H 
$end
