$coord
           3.897878526          -0.683844900          -1.398971782     C 
           2.020205570          -0.910244001          -2.997106188     O 
          -4.049222605           0.623351165           3.404470816     C 
           5.442711923          -1.498875033          -2.377870577     H 
          -3.618666757           2.975523570           2.634821231     C 
          -3.404309152          -0.515817755           4.940769661     H 
          -5.762178098          -0.044678160           2.398265767     H 
           3.671577680          -0.256705013           0.916385660     O 
          -4.569997366           3.813897026           1.005012935     H 
          -2.215420315           4.106703517           3.532023268     H 
           5.635475657          -0.606345823           2.480143703     O 
           0.315506521          -0.597734728          -2.723253623     H 
$end
