$coord
           0.193870986           1.393099609          -4.267824770     C 
           1.748826472           1.238113524          -2.245880654     O 
           2.804761125          -1.196656705           4.244489352     C 
           0.407603384           2.955579282          -5.531243008     H 
           0.603290243           0.181168618           5.326501068     C 
           2.697588824          -3.294144786           4.533210505     H 
           4.462580619          -0.303931267           3.550839006     H 
          -1.250942441          -0.343235337          -4.721189498     O 
           0.954585339           2.181009752           5.718958694     H 
          -0.858093660          -0.921938672           6.390502981     H 
           0.712514586          -0.459609577           2.797049207     O 
           1.031907116           0.164482421          -0.940982141     H 
$end
