$coord
           2.552914664           4.421166202           0.362273028     C 
           4.590435029           4.166950331           1.802449372     O 
          -1.807189053          -4.739441535           1.389388488     C 
           1.010795542           5.454270588           1.543903720     H 
          -2.068774589          -3.990864612          -1.217634737     C 
          -0.465275476          -6.169773062           1.958761577     H 
          -3.680230877          -4.754140746           2.253702208     H 
           2.455902333           3.763028746          -1.792455447     O 
          -3.962890890          -3.563788727          -1.883198091     H 
          -0.817378992          -4.636815929          -2.751943796     H 
          -0.999002511          -2.346471872           0.546150229     O 
           5.897638885           3.128636818           1.062363303     H 
$end
