$coord
           2.463478754           2.501431975           2.282979067     C 
           4.472537283           2.401670965           1.362929665     O 
          -0.129854417           2.213021197           1.042502753     C 
           2.128137310           2.437661802           4.537920040     H 
          -0.381580209           0.028216992          -1.036709525     C 
          -0.691268536           4.075663732           0.340224947     H 
          -1.716385765           1.370064997           2.233562800     H 
          -0.668607562          -2.263634484           0.453649150     O 
           1.110691778          -0.037991562          -2.450653724     H 
          -2.047463147           0.777580261          -2.013827024     H 
           1.884441679          -3.165162653           0.975281160     O 
           2.713521926          -1.543770548           1.104515144     H 
$end
