$coord
           0.633265911           3.944720276           0.914326975     C 
           1.633799803           2.031323081           2.330585733     O 
          -0.154380175          -4.895070380          -1.067255422     C 
          -0.709118147           2.831816049          -0.681831924     H 
          -0.083728172          -2.055537091          -1.161873954     C 
          -0.631567061          -5.888082468          -2.743292829     H 
          -0.554621518          -5.803799792           0.757183001     H 
           0.532761456           6.071754806           1.455440756     O 
          -0.311379910          -0.996549632           0.573664017     H 
          -0.727998922          -0.892437051          -2.807928587     H 
           2.059649287          -3.538910305          -1.413453979     O 
           2.365241221           2.942545645           3.637171583     H 
$end
