$coord
          -2.016895491           4.478454637           0.436885736     C 
           0.398102946           3.979802453           0.604812714     O 
           1.936422768          -2.633049581          -0.247566586     C 
          -2.284533311           5.562898908          -1.438541715     H 
           2.625342553          -5.112437473          -1.088624718     C 
           1.390231221          -2.239763688           1.714585462     H 
           0.867766477          -1.348412345          -1.555302312     H 
          -3.508275392           4.462426954           2.198485809     O 
           2.123449120          -5.543149387          -3.020723677     H 
           2.168525414          -6.391665193           0.416858239     H 
           4.433956854          -3.287558360          -0.599325728     O 
           1.195376944           3.534817604           2.240684465     H 
$end
