$coord
           1.708418198           4.168100030          -2.174832481     C 
           0.167302604           5.506649268          -3.668622507     O 
           1.208352915          -3.262612018           4.168158199     C 
           3.589664221           5.097844421          -2.436569380     H 
           0.434352764          -5.223114470           2.325171680     C 
           3.061219743          -2.810569308           4.625224209     H 
          -0.156764849          -2.934391444           5.728513290     H 
           1.256912796           2.206045503          -1.054627533     O 
          -1.468393229          -5.969782180           2.362331312     H 
           1.795594693          -6.349589547           1.333922671     H 
           0.330449666          -2.604136950           1.705005986     O 
          -1.590320518           5.211912930          -3.083580531     H 
$end
