$coord
           2.382807224           2.582557635           1.108169439     C 
           2.528912611           3.284917169           3.235377170     O 
          -0.014947554           1.846524379          -0.554135043     C 
           4.040837093           1.818458062           0.059666850     H 
          -0.827201746          -0.586839822           1.221003514     C 
          -0.045070321           1.281998516          -2.447948004     H 
          -1.669179870           3.000329524          -0.832788116     H 
           1.304172323          -2.281122420           1.519487617     O 
          -2.489926281          -1.357943863           0.356413391     H 
          -1.307501140           0.229910838           3.049553379     H 
           2.224389030          -3.042829711          -0.939926875     O 
           1.511038694          -1.652420482          -2.170251444     H 
$end
