$coord
          -1.239306037           0.522267019          -2.185413710     C 
          -2.732192146           0.599894416          -0.179812046     O 
           1.667628899          -0.568383727           2.380501816     C 
          -1.966450078           2.243475429          -3.240842640     H 
           4.306152444          -0.305193192           2.905749640     C 
           0.568764617           0.029694316           3.986324315     H 
           1.088394646          -1.948220416           1.050035160     H 
           0.436195873          -0.838627472          -2.778020521     O 
           5.777453099          -1.674469875           2.374702808     H 
           4.477331857           0.571291756           4.811353343     H 
           3.207228559           1.420080584           1.411690296     O 
          -2.239424700          -0.459896150           1.233431027     H 
$end
