$coord
           0.569400715           2.539280026           0.818253303     C 
           1.996846128           3.835661718          -0.439932689     O 
           2.014878237           1.073816791           2.843307037     C 
          -1.449956401           2.392989199           0.167084213     H 
           1.360629288          -1.823180569           2.761923380     C 
           1.609725371           1.850974247           4.778467235     H 
           4.020022131           1.743032615           2.799504607     H 
          -0.111957345          -2.227867361           0.641035210     O 
           0.061239212          -2.544381787           4.211034874     H 
           2.949316824          -3.108815329           2.466329498     H 
           1.455413737          -1.518604848          -1.550821732     O 
           0.273439288          -1.604378236          -2.935377509     H 
$end
