$coord
           3.027062467          -0.235096180          -3.400529454     C 
           1.606745140          -0.066202891          -5.481025712     O 
          -1.523838731           0.922023566           4.234004113     C 
           4.168405946           1.443297171          -3.261305254     H 
           1.134643174           0.227796286           4.617404457     C 
          -2.977009133          -0.450169446           4.714396660     H 
          -2.312041745           2.199503821           2.743028560     H 
           2.780909864          -1.773214772          -1.651093526     O 
           2.624255714           0.757313534           3.366370273     H 
           1.501943936          -1.631431416           5.657524500     H 
           0.048027206           1.993229434           6.007320461     O 
           0.425300035          -1.601482632          -5.707664358     H 
$end
