$coord
           2.958017729          -1.706448590          -1.311828690     C 
           3.237039313          -3.199733953           0.745782862     O 
          -3.117032639           0.958693243           4.181348497     C 
           3.349984633          -2.531755936          -3.168984859     H 
          -1.532408773           2.633747072           5.162542493     C 
          -4.586687838           1.571928440           3.154100596     H 
          -3.113163128          -1.087066977           4.348596636     H 
           2.950275118           0.632705933          -1.226154424     O 
           0.070570494           1.865319667           6.401941994     H 
          -1.248522177           4.474573175           4.465494297     H 
           2.634390465           1.869814908          -3.301459189     O 
           2.753398522          -2.216715960           2.178928585     H 
$end
