$coord
          -2.290816430          -0.766794606          -2.490105899     C 
          -1.127821771           1.408153433          -1.788704126     O 
           3.843437281          -0.488886039           2.873763266     C 
          -4.350111448          -0.650864637          -2.276206087     H 
           2.330256856           1.565945253           3.589276330     C 
           4.484734058          -0.760406102           0.878843481     H 
           3.767729180          -2.438783605           3.821711772     H 
          -1.314258100          -2.661272619          -3.370147755     O 
           1.138749727           1.585287517           5.135283085     H 
           1.881155073           2.985658563           2.037745477     H 
           4.800354412           1.549588258           4.216760112     O 
           0.659233117           1.461435678          -2.222331176     H 
$end
