$coord
           2.409689392           3.074891677           0.248481201     C 
           3.795163244           4.366357245           1.488723909     O 
           2.603382619           0.180730678           0.290273729     C 
           0.580164396           4.101960389          -0.649905246     H 
           0.517666563          -0.228900069           2.247887667     C 
           4.429911141          -0.572330952           0.906079187     H 
           2.236906151          -0.683780070          -1.605937088     H 
          -1.348113015          -1.690658013           1.214705703     O 
          -0.239659452           1.596813393           2.858450970     H 
           1.372124158          -1.215392839           4.052736307     H 
          -0.458722173          -3.511400243          -0.395198293     O 
           1.299345471          -3.293887708          -0.903442662     H 
$end
