$coord
           0.386344259          -0.704169250          -3.010279949     C 
           2.468837883          -0.444288853          -4.330507100     O 
           0.168429012          -0.113997502           4.426414315     C 
           0.263519763          -2.795558110          -2.284047364     H 
           2.910410095           0.040427659           3.793072358     C 
          -0.705365615          -1.627754783           5.634804320     H 
          -1.180316551           0.869205655           3.295874918     H 
          -1.251076457           0.892379068          -2.878296752     O 
           3.189143134           1.123637429           2.098900026     H 
           4.278458763          -1.446386681           4.359913864     H 
           1.880634196           1.336585511           5.940204263     O 
           2.688924140           1.242519823          -4.876217797     H 
$end
