$coord
           1.225356167           3.323176265           0.345779791     C 
          -1.078973957           4.147407272          -0.550369221     O 
           1.328509929          -3.551492216          -0.392119595     C 
           0.630278838           2.222995886           2.193125156     H 
          -1.041048372          -3.327507857           0.996811636     C 
           1.444164270          -2.509381705          -2.155284416     H 
           2.523023468          -5.262861243          -0.293114959     H 
           3.178110030           3.127913874          -0.820195219     O 
          -1.735630484          -4.711905326           2.256987717     H 
          -2.473822125          -2.042229787           0.188486152     H 
           1.215014664          -2.187004255           1.855796440     O 
          -1.148155770           5.178348007          -2.078412312     H 
$end
