$coord
          -0.726120728           0.356388893          -2.411433353     C 
           0.140960600          -1.921677212          -1.998340299     O 
           3.790529427           0.612992594           1.746643986     C 
           0.886927827           1.733265312          -2.780395881     H 
           2.067418406          -0.343621096           3.712877700     C 
           2.982020711           1.913283832           0.345778399     H 
           5.092403857          -0.633176618           0.913543339     H 
          -2.845840303           1.003791396          -1.973087280     O 
           2.718029313          -2.206155703           4.475479323     H 
           0.116423681           0.060998269           3.896536093     H 
           4.028474209           1.606558137           4.380420248     O 
          -1.083212396          -3.322629057          -1.850934314     H 
$end
