$coord
           0.803603471           2.732907602           1.418069457     C 
           2.067242149           3.174426478          -0.387632211     O 
           1.898075636           0.976591549           3.394766794     C 
          -1.235820776           2.904913629           1.657876260     H 
           0.544441665          -1.301146941           2.491990714     C 
           1.523738946           1.732999236           5.386215806     H 
           3.784226693           0.339526960           3.197485967     H 
           1.953722371          -1.760733266           0.118883637     O 
          -1.490854123          -1.134106741           2.069617145     H 
           0.835030194          -2.956196094           3.804771923     H 
           0.255068317          -1.984504599          -1.948868726     O 
           0.757561192          -0.593603535          -2.980452862     H 
$end
