$coord
          -0.002996584           5.740394836           0.661115229     C 
           2.236887020           5.802625331           1.861398029     O 
           0.752590102          -4.048794379           1.032485884     C 
          -1.836427120           6.264620634           1.588362494     H 
           1.115401121          -5.143022446          -1.476601436     C 
          -0.860351973          -3.126667990           1.783483500     H 
           2.421634966          -3.626481190           2.052866641     H 
          -0.366832253           5.452170565          -1.613356718     O 
           3.251450864          -5.341764153          -1.733337850     H 
          -0.177482395          -5.152916436          -3.020215150     H 
           0.430168722          -6.585512674           0.660478472     O 
           3.648007005           4.811864481           0.788009795     H 
$end
