$coord
           1.009503202           4.112290128           1.740199176     C 
           0.941847099           4.836363280          -0.479481240     O 
           2.301883057           1.404879765           2.589224985     C 
          -0.039735495           4.987367430           3.371941276     H 
           0.755750369          -0.914444272           1.485592573     C 
           2.347624435           1.338757646           4.691880048     H 
           4.095021478           1.528960022           1.773228274     H 
           2.192068897          -2.826179050           0.172081551     O 
          -0.288502586          -0.027562060          -0.093477486     H 
          -0.470879547          -1.962796921           2.899871887     H 
           0.181085840          -4.381176184          -0.562966875     O 
           0.544802003          -5.317860205          -2.079039661     H 
$end
