$coord
           2.455698059           3.490276408           2.230560723     C 
           3.115440862           4.891754949           0.544082318     O 
           0.410228348           1.583373217           2.012083103     C 
           3.693696276           3.413408026           4.018025897     H 
           1.569138083          -0.904088432           1.226494092     C 
          -0.588760595           2.642133936           0.534089153     H 
          -0.707977643           1.339923725           3.719746242     H 
          -0.209306551          -1.931204144          -0.417657125     O 
           2.069533052          -2.207472205           2.636015242     H 
           3.284644031          -0.272333276           0.088608856     H 
           0.209870519          -4.703651707          -0.624334669     O 
          -1.335334259          -5.625037886          -0.428833644     H 
$end
