$coord
           1.861604976           3.866367097           1.282112540     C 
           0.534290892           4.468765969           2.952750972     O 
           2.295898920           1.093826152           0.298815595     C 
           3.068162394           5.179741718           0.238524511     H 
           0.021077116          -0.452670371           1.107468681     C 
           3.989548262           0.393698396           1.386300536     H 
           2.533852403           1.063168619          -1.747615568     H 
          -0.201019852          -2.756918407          -0.175650902     O 
          -1.699678734           0.673609496           0.493468067     H 
           0.049704282          -1.003261667           3.152973395     H 
           2.448134513          -3.907586333          -0.340722051     O 
           2.495133521          -5.717396014           0.043341929     H 
$end
