$coord
           1.808896962           2.316872422          -0.270797265     C 
           0.925835333           4.108452798           0.971198296     O 
           3.533789717           0.732444200           1.285596042     C 
           1.456201987           2.003327552          -2.179121169     H 
           2.614958349          -2.019775319           1.306518593     C 
           3.283483534           1.503414277           3.187636096     H 
           5.598880979           1.067306281           0.765686567     H 
           0.258484915          -2.367953757           0.259562372     O 
           2.930170171          -2.504254450           3.218708317     H 
           3.786691310          -3.226689462           0.238821865     H 
          -1.549427491          -0.655393461           1.083288360     O 
          -2.605300727          -1.636003237           2.322354308     H 
$end
