$coord
           2.298502471           5.391221002           0.551263294     C 
           2.006901163           4.290427765          -1.795958952     O 
          -0.199700950          -3.142408496           0.458273675     C 
           4.417900839           5.248393186           0.467580554     H 
          -0.895155096          -5.459296196          -0.863339346     C 
          -1.691284506          -2.260643250           1.531477426     H 
           1.185130901          -1.769018145          -0.256902459     H 
           0.673213824           5.869680893           2.115791723     O 
           0.039537428          -5.926045769          -2.722327005     H 
          -2.904685279          -5.907091376          -0.706212597     H 
           0.654586281          -5.472445324           1.257321439     O 
           0.315352460           3.506107031          -2.105248653     H 
$end
