$coord
          -1.672820927           2.765176258           1.966504343     C 
          -1.446443882           4.109068601          -0.113403023     O 
           2.445981761          -3.331075070          -0.901754628     C 
          -1.223122475           3.725356231           3.758971404     H 
           2.601387546          -0.607697690          -1.489776139     C 
           3.220601508          -4.308143260          -2.578576613     H 
           1.275732397          -4.036503070           0.552216786     H 
          -2.359179905           0.614825594           2.099084498     O 
           1.334816732           0.973617166          -0.941879150     H 
           3.471878619          -0.202279301          -3.360666278     H 
           4.269653561          -1.743439492           0.148139070     O 
          -2.408190429           3.626310575          -1.554468120     H 
$end
