$coord
           4.938140674           0.275537884          -0.814025477     C 
           5.718276740          -1.650856248           0.342502405     O 
          -3.963518127           0.278033523           3.379595027     C 
           5.314165433           2.181446677          -0.096271258     H 
          -2.338056281           0.593318436           1.153913710     C 
          -3.824137822          -0.952962137           4.932709082     H 
          -5.450630853           1.756025905           3.402070515     H 
           4.271166484          -0.201617726          -2.992083618     O 
          -3.260593041           1.343191589          -0.689107520     H 
          -0.827232437          -0.737230130           0.573705057     H 
          -1.746607433           1.982571803           3.253507726     O 
           5.396296349          -2.964902734          -0.994748309     H 
$end
