$coord
          -1.637796372          -0.660802291          -1.660205161     C 
           0.192113176           0.916956493          -2.299943081     O 
           3.077440385           1.205904675           1.976914709     C 
          -1.059090029          -1.927075872          -0.098454357     H 
           2.912430749          -0.954305369           3.606077148     C 
           1.635913032           2.704754914           2.198926311     H 
           3.756605004           1.023108391          -0.052952455     H 
          -3.612554829          -0.779103161          -2.722991187     O 
           3.348330777          -2.954781805           3.518720693     H 
           1.620410665          -0.532390580           5.190033689     H 
           5.042499516           0.881473996           3.714127932     O 
          -0.573334077           2.239589224          -3.392097434     H 
$end
