$coord
           1.701893306           2.450325142           0.991308642     C 
           1.376918001           4.604697058           0.533084300     O 
          -0.555445579           0.622795778           0.517915383     C 
           3.452908297           1.773495514           2.113208428     H 
          -0.296839101          -1.592528422           2.265660016     C 
          -0.496841584          -0.166681244          -1.594972121     H 
          -2.205437901           1.699760792           0.813706383     H 
           2.006043283          -2.598197741           1.573716178     O 
          -1.862837794          -3.012523789           2.484013248     H 
           0.291884133          -0.931514899           4.180856425     H 
           2.883572444          -1.892844543          -0.997958967     O 
           2.540818386           0.031169047          -1.058146318     H 
$end
